Timestamp,Slave 0,Slave 1,Slave 2,
1730821744454,0,,,,
1730821744460,0,,,
1730821744461,,,0,
1730821744463,0.02310786245504119,,,,
1730821744469,,0,,
1730821744473,,,0.13495771118439132,
1730821744482,,0.14258117928433447,,
1730821744488,0.14028116436376772,,,
1730821745455,0.025201612903225805,,,,
1730821745462,,,0.3083923154701719,
1730821745463,0.28405201848049283,,,
1730821745469,,0.2867746285425101,,
1730821746455,0.0,,,,
1730821746461,0.30060120240480964,,,
1730821746462,,,0.296666666,
1730821746469,,0.343333333,,
1730821747455,0.001666666,,,,
1730821747461,0.3013653006993007,,,
1730821747462,,,0.331666666,
1730821747470,,0.301666666,,
1730821748455,0.0,,,,
1730821748461,0.305,,,
1730821748462,,,0.338333333,
1730821748469,,0.301666666,,
1730821749455,0.001666666,,,,
1730821749461,0.356666666,,,
1730821749462,,,0.308333333,
1730821749469,,0.27,,
1730821750456,0.0,,,,
1730821750461,0.34034034034034033,,,
1730821750462,,,0.321666666,
1730821750469,,0.278333333,,
1730821751456,0.001666666,,,,
1730821751462,0.3030303026973027,,0.315,
1730821751470,,0.29,,
1730821752455,0.0016683343343343344,,,,
1730821752461,0.366666666,,,
1730821752462,,,0.278333333,
1730821752469,,0.256666666,,
1730821753456,0.001665000999000999,,,,
1730821753461,0.32198865465465465,,,
1730821753462,,,0.343333333,
1730821753469,,0.245,,
1730821754455,0.0033366696696696696,,,,
1730821754461,0.34465534465534464,,,
1730821754462,,,0.366666666,
1730821754469,,0.17,,
1730821755455,0.001666666,,,,
1730821755461,0.271666666,,,
1730821755462,,,0.271666666,
1730821755470,,0.201666666,,
1730821756455,0.004995004995004995,,,,
1730821756462,0.211666666,,,
1730821756467,,,0.19237147562189055,
1730821756469,,0.191666666,,
1730821757455,0.0,,,,
1730821757461,0.268333333,,,
1730821757462,,,0.34840870954773867,
1730821757470,,0.3,,
1730821758455,0.001666666,,,,
1730821758461,0.308333333,,,
1730821758462,,,0.28,
1730821758469,,0.303333333,,
1730821759455,0.003333333,,,,
1730821759461,0.3203203203203203,,,
1730821759462,,,0.285,
1730821759469,,0.301666666,,
1730821760455,0.001666666,,,,
1730821760461,0.28471528471528473,,,
1730821760462,,,0.341666666,
1730821760469,,0.306666666,,
1730821761455,0.001666666,,,,
1730821761461,0.29,,,
1730821761462,,,0.278333333,
1730821761469,,0.323333333,,
1730821762455,0.0,,,,
1730821762461,0.348333333,,,
1730821762462,,,0.213333333,
1730821762469,,0.275,,
1730821763455,0.001666666,,,,
1730821763461,0.256666666,,,
1730821763462,,,0.188333333,
1730821763469,,0.188333333,,
1730821764455,0.0,,,,
1730821764461,0.196666666,,,
1730821764462,,,0.191666666,
1730821764469,,0.195,,
1730821765455,0.0,,,,
1730821765461,0.21521521521521522,,,
1730821765462,,,0.20186853453453454,
1730821765469,,0.185,,
1730821766455,0.001666666,,,,
1730821766461,0.18315018281718282,,,
1730821766462,,,0.2047952047952048,
1730821766469,,0.196666666,,
1730821767455,0.0,,,,
1730821767461,0.185,,,
1730821767462,,,0.196666666,
1730821767469,,0.201666666,,
1730821768455,0.001666666,,,,
1730821768461,0.18351684984984984,,,
1730821768462,,,0.19185852452452454,
1730821768469,,0.191666666,,
1730821769455,0.001666666,,,,
1730821769461,0.193333333,,,
1730821769462,,,0.1931401928071928,
1730821769469,,0.191666666,,
1730821770455,0.001666666,,,,
1730821770461,0.181666666,,,
1730821770462,,,0.185,
1730821770469,,0.208333333,,
1730821771455,0.0,,,,
1730821771461,0.178333333,,,
1730821771462,,,0.18,
1730821771469,,0.211666666,,
1730821772455,0.0,,,,
1730821772461,0.191666666,,,
1730821772462,,,0.196666666,
1730821772469,,0.196666666,,
1730821773455,0.001666666,,,,
1730821773461,0.196666666,,,
1730821773462,,,0.188333333,
1730821773469,,0.196666666,,
1730821774455,0.001666666,,,,
1730821774461,0.21645021578421578,,,
1730821774462,,,0.18,
1730821774469,,0.191666666,,
1730821775455,0.0,,,,
1730821775461,0.20353686986986988,,,
1730821775462,,,0.19519519519519518,
1730821775469,,0.206666666,,
1730821776455,0.001666666,,,,
1730821776461,0.196666666,,,
1730821776462,,,0.18648018581418582,
1730821776469,,0.198333333,,
1730821777455,0.0,,,,
1730821777461,0.188333333,,,
1730821777462,,,0.2002002002002002,
1730821777469,,0.201666666,,
1730821778455,0.0,,,,
1730821778461,0.183333333,,,
1730821778462,,,0.1998001998001998,
1730821778469,,0.195,,
1730821779455,0.003333333,,,,
1730821779461,0.186666666,,,
1730821779462,,,0.205,
1730821779469,,0.193333333,,
1730821780455,0.0,,,,
1730821780461,0.208333333,,,
1730821780462,,,0.218333333,
1730821780469,,0.18,,
1730821781455,0.0,,,,
1730821781461,0.20313020279720279,,,
1730821781462,,,0.2,
1730821781469,,0.183333333,,
1730821782455,0.001666666,,,,
1730821782461,0.2002002002002002,,,
1730821782462,,,0.183333333,
1730821782469,,0.196666666,,
1730821783455,0.0,,,,
1730821783461,0.205,,,
1730821783462,,,0.186666666,
1730821783469,,0.196666666,,
1730821784455,0.0,,,,
1730821784461,0.198333333,,,
1730821784462,,,0.196666666,
1730821784469,,0.208333333,,
1730821785455,0.0,,,,
1730821785461,0.196666666,,,
1730821785462,,,0.186666666,
1730821785469,,0.228333333,,
1730821786455,0.001666666,,,,
1730821786461,0.1931401928071928,,,
1730821786462,,,0.185,
1730821786469,,0.205,,
1730821787455,0.0,,,,
1730821787461,0.19019019019019018,,,
1730821787462,,,0.203333333,
1730821787469,,0.198333333,,
1730821788455,0.003333333,,,,
1730821788461,0.193333333,,,
1730821788462,,,0.208333333,
1730821788469,,0.191666666,,
1730821789455,0.0,,,,
1730821789461,0.188333333,,,
1730821789462,,,0.213333333,
1730821789469,,0.196666666,,
1730821790455,0.0,,,,
1730821790461,0.186666666,,,
1730821790462,,,0.19,
1730821790469,,0.198333333,,
1730821791455,0.0,,,,
1730821791461,0.201666666,,,
1730821791462,,,0.2002002002002002,
1730821791470,,0.193333333,,
1730821792455,0.001666666,,,,
1730821792461,0.19,,,
1730821792464,,,0.19275506779661017,
1730821792469,,0.205,,
1730821793455,0.001666666,,,,
1730821793461,0.178333333,,,
1730821793462,,,0.19539078156312625,
1730821793469,,0.231666666,,
1730821794455,0.0,,,,
1730821794461,0.198333333,,,
1730821794462,,,0.19686352952952954,
1730821794469,,0.195,,
1730821795455,0.003333333,,,,
1730821795461,0.196666666,,,
1730821795462,,,0.19480519480519481,
1730821795469,,0.18852185485485484,,
1730821796455,0.0,,,,
1730821796461,0.183333333,,,
1730821796462,,,0.198333333,
1730821796469,,0.206666666,,
1730821797455,0.001666666,,,,
1730821797461,0.185,,,
1730821797462,,,0.22,
1730821797469,,0.1981351978021978,,
1730821798455,0.0,,,,
1730821798461,0.188333333,,,
1730821798462,,,0.2,
1730821798470,,0.205,,
1730821799455,0.0,,,,
1730821799461,0.206666666,,,
1730821799462,,,0.195,
1730821799469,,0.193333333,,
1730821800455,0.0,,,,
1730821800461,0.195,,,
1730821800462,,,0.19352685985985987,
1730821800469,,0.195,,
1730821801455,0.0,,,,
1730821801461,0.186666666,,,
1730821801462,,,0.19,
1730821801469,,0.215,,
1730821802455,0.003333333,,,,
1730821802461,0.176666666,,,
1730821802462,,,0.18981018981018982,
1730821802469,,0.178333333,,
1730821803455,0.0,,,,
1730821803461,0.2,,,
1730821803462,,,0.18518518518518517,
1730821803469,,0.175,,
1730821804455,0.0,,,,
1730821804461,0.181666666,,,
1730821804462,,,0.1881451878121878,
1730821804469,,0.196666666,,
1730821805455,0.001666666,,,,
1730821805461,0.18,,,
1730821805462,,,0.188333333,
1730821805469,,0.191666666,,
1730821806455,0.0,,,,
1730821806461,0.178333333,,,
1730821806462,,,0.1818485145145145,
1730821806469,,0.198333333,,
1730821807455,0.0,,,,
1730821807461,0.191666666,,,
1730821807462,,,0.181666666,
1730821807469,,0.18,,
1730821808455,0.001666666,,,,
1730821808461,0.191666666,,,
1730821808462,,,0.18148518081918083,
1730821808469,,0.19019019019019018,,
1730821809455,0.001666666,,,,
1730821809461,0.185,,,
1730821809462,,,0.175,
1730821809469,,0.19147519080919082,,
1730821810455,0.0,,,,
1730821810461,0.185,,,
1730821810462,,,0.181666666,
1730821810469,,0.195,,
1730821811455,0.001666666,,,,
1730821811461,0.175,,,
1730821811462,,,0.178333333,
1730821811470,,0.193333333,,
1730821812455,0.0,,,,
1730821812461,0.181666666,,,
1730821812462,,,0.185,
1730821812469,,0.193333333,,
1730821813455,0.001666666,,,,
1730821813461,0.17,,,
1730821813462,,,0.18018018018018017,
1730821813469,,0.185,,
1730821814455,0.001666666,,,,
1730821814461,0.178333333,,,
1730821814462,,,0.196666666,
1730821814470,,0.175,,
1730821815455,0.0,,,,
1730821815461,0.176666666,,,
1730821815462,,,0.17815517782217782,
1730821815469,,0.19019019019019018,,
1730821816455,0.006666666,,,,
1730821816461,0.191666666,,,
1730821816469,,0.18315018281718282,0.1969546504468719,
1730821817455,0.001666666,,,,
1730821817461,0.1981351978021978,,,
1730821817462,,,0.20329301008064515,
1730821817469,,0.225,,
1730821818455,0.0,,,,
1730821818461,0.19185852452452454,,,
1730821818462,,,0.19480519480519481,
1730821818469,,0.21187854454454455,,
1730821819455,0.001666666,,,,
1730821819461,0.181666666,,,
1730821819462,,,0.19,
1730821819469,,0.2014652007992008,,
1730821820455,0.001666666,,,,
1730821820461,0.198333333,,,
1730821820462,,,0.193333333,
1730821820469,,0.20520520520520522,,
1730821821455,0.001666666,,,,
1730821821461,0.196666666,,,
1730821821462,,,0.183333333,
1730821821469,,0.2047952047952048,,
1730821822455,0.06,,,,
1730821822461,0.233333333,,,
1730821822462,,,0.25358691991991994,
1730821822469,,0.286666666,,
1730821823455,0.0,,,,
1730821823461,0.191666666,,,
1730821823462,,,0.246666666,
1730821823469,,0.218333333,,
1730821824455,0.001666666,,,,
1730821824461,0.18,,,
1730821824462,,,0.198333333,
1730821824469,,0.195,,
1730821825455,0.0,,,,
1730821825461,0.195,,,
1730821825470,,0.196666666,,
1730821825486,,,0.19837398341463414,
1730821826455,0.001666666,,,,
1730821826461,0.186666666,,,
1730821826462,,,0.1929644805327869,
1730821826469,,0.191666666,,
1730821827455,0.0,,,,
1730821827461,0.19,,,
1730821827462,,,0.196666666,
1730821827469,,0.205,,
1730821828455,0.0,,,,
1730821828461,0.185,,,
1730821828462,,,0.18351684984984984,
1730821828470,,0.19480519480519481,,
1730821829455,0.006666666,,,,
1730821829461,0.181666666,,,
1730821829462,,,0.186666666,
1730821829469,,0.19352685985985987,,
1730821830455,0.001666666,,,,
1730821830461,0.185,,,
1730821830462,,,0.18648018581418582,
1730821830469,,0.19519519519519518,,
1730821831455,0.0,,,,
1730821831461,0.191666666,,,
1730821831462,,,0.18,
1730821831469,,0.19,,
1730821832455,0.001666666,,,,
1730821832461,0.181666666,,,
1730821832462,,,0.1818485145145145,
1730821832469,,0.1998001998001998,,
1730821833455,0.001666666,,,,
1730821833461,0.198333333,,,
1730821833462,,,0.181666666,
1730821833469,,0.195,,
1730821834455,0.0,,,,
1730821834461,0.188333333,,,
1730821834462,,,0.213333333,
1730821834469,,0.19,,
1730821835455,0.001666666,,,,
1730821835461,0.19,,,
1730821835462,,,0.193333333,
1730821835469,,0.188333333,,
1730821836455,0.0,,,,
1730821836461,0.193333333,,,
1730821836462,,,0.186666666,
1730821836469,,0.191666666,,
1730821837455,0.0,,,,
1730821837461,0.193333333,,,
1730821837462,,,0.185,
1730821837469,,0.191666666,,
1730821838455,0.001666666,,,,
1730821838461,0.19,,,
1730821838462,,,0.2014652007992008,
1730821838469,,0.2,,
1730821839455,0.0,,,,
1730821839461,0.183333333,,,
1730821839462,,,0.19019019019019018,
1730821839469,,0.203333333,,
1730821840455,0.0,,,,
1730821840461,0.186666666,,,
1730821840462,,,0.188333333,
1730821840469,,0.201666666,,
1730821841454,0.001666666,,,,
1730821841461,0.193333333,,,
1730821841462,,,0.19147519080919082,
1730821841469,,0.196666666,,
1730821842455,0.006666666,,,,
1730821842461,0.191666666,,,
1730821842462,,,0.203333333,
1730821842469,,0.191666666,,
1730821843455,0.003333333,,,,
1730821843461,0.178333333,,,
1730821843462,,,0.19019019019019018,
1730821843469,,0.198333333,,
1730821844455,0.001666666,,,,
1730821844461,0.188333333,,,
1730821844462,,,0.1964701958041958,
1730821844469,,0.193333333,,
1730821845455,0.0,,,,
1730821845461,0.198333333,,,
1730821845462,,,0.195,
1730821845469,,0.201666666,,
1730821846455,0.003333333,,,,
1730821846461,0.193333333,,,
1730821846462,,,0.18518518518518517,
1730821846469,,0.193333333,,
1730821847455,0.0,,,,
1730821847461,0.19,,,
1730821847462,,,0.1881451878121878,
1730821847469,,0.198333333,,
1730821848454,0.0,,,,
1730821848461,0.215,,,
1730821848462,,,0.188333333,
1730821848469,,0.19352685985985987,,
1730821849455,0.0,,,,
1730821849461,0.191666666,,,
1730821849462,,,0.185,
1730821849469,,0.2131202127872128,,
1730821850455,0.001666666,,,,
1730821850461,0.191666666,,,
1730821850462,,,0.2,
1730821850469,,0.2,,
1730821851455,0.0,,,,
1730821851461,0.181666666,,,
1730821851462,,,0.206666666,
1730821851469,,0.206666666,,
1730821852455,0.0,,,,
1730821852461,0.193333333,,,
1730821852462,,,0.19185852452452454,
1730821852469,,0.198333333,,
1730821853455,0.001666666,,,,
1730821853461,0.191666666,,,
1730821853462,,,0.201666666,
1730821853469,,0.205,,
1730821854455,0.0,,,,
1730821854461,0.2,,,
1730821854462,,,0.19147519080919082,
1730821854469,,0.19686352952952954,,
1730821855455,0.0,,,,
1730821855461,0.19,,,
1730821855462,,,0.193333333,
1730821855469,,0.19480519480519481,,
1730821856455,0.001666666,,,,
1730821856461,0.188333333,,,
1730821856462,,,0.18518518518518517,
1730821856469,,0.198333333,,
1730821857455,0.006666666,,,,
1730821857461,0.186666666,,,
1730821857462,,,0.191666666,
1730821857469,,0.225,,
1730821858455,0.001666666,,,,
1730821858461,0.21,,,
1730821858462,,,0.2014652007992008,
1730821858469,,0.188333333,,
1730821859455,0.001666666,,,,
1730821859461,0.188333333,,,
1730821859462,,,0.196666666,
1730821859469,,0.19,,
1730821860454,0.0,,,,
1730821860461,0.193333333,,,
1730821860462,,,0.198333333,
1730821860469,,0.208333333,,
1730821861455,0.0,,,,
1730821861461,0.196666666,,,
1730821861462,,,0.21021021021021022,
1730821861469,,0.198333333,,
1730821862455,0.001666666,,,,
1730821862461,0.19,,,
1730821862462,,,0.21,
1730821862469,,0.19686352952952954,,
1730821863455,0.001666666,,,,
1730821863461,0.198333333,,,
1730821863462,,,0.196666666,
1730821863469,,0.2064602057942058,,
1730821864455,0.0,,,,
1730821864461,0.198333333,,,
1730821864462,,,0.193333333,
1730821864469,,0.201666666,,
1730821865455,0.001666666,,,,
1730821865461,0.193333333,,,
1730821865462,,,0.19147519080919082,
1730821865469,,0.2,,
1730821866455,0.0,,,,
1730821866461,0.208333333,,,
1730821866462,,,0.19019019019019018,
1730821866469,,0.195,,
1730821867455,0.0,,,,
1730821867461,0.19,,,
1730821867462,,,0.213333333,
1730821867469,,0.201666666,,
1730821868455,0.0,,,,
1730821868461,0.193333333,,,
1730821868462,,,0.20313020279720279,
1730821868469,,0.208333333,,
1730821869455,0.003333333,,,,
1730821869461,0.196666666,,,
1730821869462,,,0.203333333,
1730821869469,,0.195,,
1730821870455,0.0,,,,
1730821870461,0.185,,,
1730821870462,,,0.203333333,
1730821870469,,0.198333333,,
1730821871455,0.011666666,,,,
1730821871461,0.1998001998001998,,,
1730821871462,,,0.206666666,
1730821871470,,0.2,,
1730821872455,0.003333333,,,,
1730821872461,0.19853186486486488,,,
1730821872462,,,0.19686352952952954,
1730821872469,,0.2,,
1730821873455,0.001666666,,,,
1730821873461,0.19,,,
1730821873462,,,0.19,
1730821873469,,0.205,,
1730821874455,0.001666666,,,,
1730821874461,0.213333333,,,
1730821874462,,,0.19480519480519481,
1730821874469,,0.198333333,,
1730821875455,0.0,,,,
1730821875461,0.206666666,,,
1730821875462,,,0.20186853453453454,
1730821875470,,0.213333333,,
1730821876455,0.0,,,,
1730821876461,0.191666666,,,
1730821876462,,,0.21,
1730821876469,,0.206666666,,
1730821877454,0.001666666,,,,
1730821877461,0.2,,,
1730821877462,,,0.19480519480519481,
1730821877469,,0.203333333,,
1730821878454,0.0,,,,
1730821878461,0.193333333,,,
1730821878462,,,0.19519519519519518,
1730821878469,,0.21187854454454455,,
1730821879455,0.0,,,,
1730821879461,0.195,,,
1730821879462,,,0.1964701958041958,
1730821879469,,0.196666666,,
1730821880455,0.001666666,,,,
1730821880461,0.198333333,,,
1730821880462,,,0.201666666,
1730821880469,,0.2097902097902098,,
1730821881455,0.0,,,,
1730821881461,0.188333333,,,
1730821881462,,,0.208333333,
1730821881469,,0.218333333,,
1730821882455,0.0,,,,
1730821882461,0.213333333,,,
1730821882462,,,0.19,
1730821882469,,0.20186853453453454,,
1730821883455,0.001666666,,,,
1730821883461,0.195,,,
1730821883462,,,0.195,
1730821883469,,0.196666666,,
1730821884455,0.005,,,,
1730821884461,0.191666666,,,
1730821884462,,,0.21521521521521522,
1730821884469,,0.2014652007992008,,
1730821885455,0.0,,,,
1730821885461,0.193333333,,,
1730821885462,,,0.195,
1730821885469,,0.213333333,,
1730821886455,0.001666666,,,,
1730821886461,0.2,,,
1730821886462,,,0.206666666,
1730821886469,,0.205,,
1730821887454,0.0,,,,
1730821887461,0.193333333,,,
1730821887462,,,0.206666666,
1730821887469,,0.20353686986986988,,
1730821888455,0.0,,,,
1730821888461,0.201666666,,,
1730821888462,,,0.21145521078921078,
1730821888469,,0.19,,
1730821889455,0.0,,,,
1730821889461,0.191666666,,,
1730821889462,,,0.20520520520520522,
1730821889469,,0.216666666,,
1730821890455,0.001666666,,,,
1730821890461,0.211666666,,,
1730821890462,,,0.208333333,
1730821890469,,0.203333333,,
1730821891454,0.001666666,,,,
1730821891461,0.191666666,,,
1730821891462,,,0.208333333,
1730821891469,,0.20313020279720279,,
1730821892455,0.0,,,,
1730821892461,0.188333333,,,
1730821892462,,,0.21478521478521478,
1730821892469,,0.188333333,,
1730821893455,0.0,,,,
1730821893461,0.206666666,,,
1730821893462,,,0.191666666,
1730821893469,,0.213333333,,
1730821894455,0.0,,,,
1730821894461,0.21,,,
1730821894462,,,0.19519519519519518,
1730821894469,,0.201666666,,
1730821895454,0.001666666,,,,
1730821895461,0.198333333,,,
1730821895462,,,0.183333333,
1730821895469,,0.20854187487487488,,
1730821896455,0.0,,,,
1730821896461,0.201666666,,,
1730821896462,,,0.213333333,
1730821896485,,0.20485086823992132,,
1730821897455,0.0,,,,
1730821897461,0.205,,,
1730821897462,,,0.2,
1730821897469,,0.19837232960325535,,
1730821898455,0.0,,,,
1730821898461,0.216666666,,,
1730821898462,,,0.208333333,
1730821898469,,0.1964701958041958,,
1730821899455,0.0,,,,
1730821899461,0.195,,,
1730821899462,,,0.196666666,
1730821899469,,0.206666666,,
1730821900455,0.0,,,,
1730821900461,0.188333333,,,
1730821900462,,,0.206666666,
1730821900469,,0.201666666,,
1730821901455,0.001666666,,,,
1730821901461,0.208333333,,,
1730821901462,,,0.19480519480519481,
1730821901469,,0.215,,
1730821902455,0.0,,,,
1730821902461,0.193333333,,,
1730821902462,,,0.20687353953953955,
1730821902469,,0.203333333,,
1730821903455,0.001666666,,,,
1730821903461,0.2,,,
1730821903462,,,0.208333333,
1730821903469,,0.203333333,,
1730821904455,0.0,,,,
1730821904461,0.196666666,,,
1730821904462,,,0.191666666,
1730821904469,,0.225,,
1730821905454,0.0,,,,
1730821905461,0.205,,,
1730821905462,,,0.2014652007992008,
1730821905469,,0.20854187487487488,,
1730821906455,0.0,,,,
1730821906461,0.211666666,,,
1730821906462,,,0.20186853453453454,
1730821906469,,0.1998001998001998,,
1730821907455,0.0,,,,
1730821907461,0.203333333,,,
1730821907462,,,0.195,
1730821907469,,0.2,,
1730821908454,0.001666666,,,,
1730821908461,0.205,,,
1730821908462,,,0.21145521078921078,
1730821908469,,0.208333333,,
1730821909455,0.0,,,,
1730821909461,0.203333333,,,
1730821909462,,,0.215,
1730821909469,,0.203333333,,
1730821910455,0.001666666,,,,
1730821910461,0.19,,,
1730821910462,,,0.20353686986986988,
1730821910469,,0.206666666,,
1730821911455,0.0,,,,
1730821911461,0.188333333,,,
1730821911462,,,0.1998001998001998,
1730821911469,,0.205,,
1730821912455,0.0,,,,
1730821912461,0.205,,,
1730821912462,,,0.196666666,
1730821912469,,0.215,,
1730821913454,0.001666666,,,,
1730821913461,0.188333333,,,
1730821913462,,,0.20353686986986988,
1730821913469,,0.21,,
1730821914455,0.0,,,,
1730821914461,0.221666666,,,
1730821914462,,,0.191666666,
1730821914469,,0.21,,
1730821915455,0.0,,,,
1730821915461,0.201666666,,,
1730821915462,,,0.20313020279720279,
1730821915469,,0.215,,
1730821916455,0.0,,,,
1730821916461,0.191666666,,,
1730821916462,,,0.20854187487487488,
1730821916469,,0.205,,
1730821917455,0.0,,,,
1730821917461,0.203333333,,,
1730821917462,,,0.2064602057942058,
1730821917469,,0.203333333,,
1730821918455,0.001666666,,,,
1730821918461,0.196666666,,,
1730821918462,,,0.2235568898898899,
1730821918472,,0.20958083832335328,,
1730821919455,0.0,,,,
1730821919461,0.208333333,,,
1730821919462,,,0.2181152177822178,
1730821919469,,0.20708082765531063,,
1730821920455,0.0,,,,
1730821920461,0.178333333,,,
1730821920462,,,0.21187854454454455,
1730821920469,,0.23023023023023023,,
1730821921455,0.0,,,,
1730821921461,0.201666666,,,
1730821921462,,,0.198333333,
1730821921469,,0.208333333,,
1730821922455,0.0,,,,
1730821922461,0.213333333,,,
1730821922462,,,0.2081252077922078,
1730821922469,,0.2064602057942058,,
1730821923455,0.001666666,,,,
1730821923461,0.203333333,,,
1730821923462,,,0.1818485145145145,
1730821923469,,0.191666666,,
1730821924455,0.001666666,,,,
1730821924461,0.2,,,
1730821924462,,,0.211666666,
1730821924469,,0.201666666,,
1730821925454,0.0,,,,
1730821925461,0.211666666,,,
1730821925462,,,0.19147519080919082,
1730821925469,,0.20687353953953955,,
1730821926455,0.0,,,,
1730821926461,0.208333333,,,
1730821926462,,,0.21688354954954955,
1730821926469,,0.22311022277722278,,
1730821927454,0.0,,,,
1730821927461,0.193333333,,,
1730821927462,,,0.198333333,
1730821927469,,0.2135468798798799,,
1730821928455,0.0,,,,
1730821928461,0.206666666,,,
1730821928462,,,0.218333333,
1730821928469,,0.201666666,,
1730821929455,0.001666666,,,,
1730821929461,0.196666666,,,
1730821929462,,,0.213333333,
1730821929469,,0.211666666,,
1730821930455,0.0,,,,
1730821930461,0.223333333,,,
1730821930462,,,0.185,
1730821930469,,0.2131202127872128,,
1730821931455,0.0,,,,
1730821931461,0.203333333,,,
1730821931462,,,0.201666666,
1730821931469,,0.201666666,,
1730821932455,0.001666666,,,,
1730821932461,0.21,,,
1730821932462,,,0.22,
1730821932469,,0.185,,
1730821933455,0.001666666,,,,
1730821933461,0.193333333,,,
1730821933462,,,0.18981018981018982,
1730821933469,,0.208333333,,
1730821934455,0.0,,,,
1730821934461,0.211666666,,,
1730821934462,,,0.196666666,
1730821934469,,0.208333333,,
1730821935455,0.001666666,,,,
1730821935461,0.2,,,
1730821935462,,,0.19519519519519518,
1730821935469,,0.23,,
1730821936455,0.008333333,,,,
1730821936461,0.208333333,,,
1730821936462,,,0.1881451878121878,
1730821936469,,0.213333333,,
1730821937455,0.0,,,,
1730821937461,0.22,,,
1730821937462,,,0.18518518518518517,
1730821937469,,0.206666666,,
1730821938455,0.0,,,,
1730821938461,0.21,,,
1730821938462,,,0.216666666,
1730821938469,,0.191666666,,
1730821939455,0.001666666,,,,
1730821939461,0.196666666,,,
1730821939462,,,0.218333333,
1730821939469,,0.20186853453453454,,
1730821940454,0.001666666,,,,
1730821940461,0.205,,,
1730821940462,,,0.1981351978021978,
1730821940469,,0.2047952047952048,,
1730821941455,0.0,,,,
1730821941461,0.196666666,,,
1730821941462,,,0.223333333,
1730821941469,,0.2135468798798799,,
1730821942455,0.0,,,,
1730821942461,0.2,,,
1730821942462,,,0.208333333,
1730821942469,,0.196666666,,
1730821943454,0.0,,,,
1730821943461,0.2,,,
1730821943462,,,0.21187854454454455,
1730821943469,,0.2131202127872128,,
1730821944455,0.0,,,,
1730821944461,0.2,,,
1730821944462,,,0.201666666,
1730821944469,,0.2002002002002002,,
1730821945455,0.0,,,,
1730821945461,0.216666666,,,
1730821945462,,,0.201666666,
1730821945469,,0.216666666,,
1730821946454,0.001666666,,,,
1730821946461,0.208333333,,,
1730821946462,,,0.2047952047952048,
1730821946469,,0.2081252077922078,,
1730821947455,0.0,,,,
1730821947461,0.211666666,,,
1730821947462,,,0.23023023023023023,
1730821947469,,0.20854187487487488,,
1730821948454,0.0,,,,
1730821948461,0.205,,,
1730821948462,,,0.213333333,
1730821948469,,0.205,,
1730821949454,0.0,,,,
1730821949461,0.198333333,,,
1730821949462,,,0.1881451878121878,
1730821949469,,0.21645021578421578,,
1730821950455,0.003333333,,,,
1730821950461,0.203333333,,,
1730821950462,,,0.20854187487487488,
1730821950469,,0.20520520520520522,,
1730821951455,0.0,,,,
1730821951461,0.193333333,,,
1730821951462,,,0.2,
1730821951469,,0.2081252077922078,,
1730821952455,0.0,,,,
1730821952461,0.206666666,,,
1730821952462,,,0.203333333,
1730821952469,,0.203333333,,
1730821953455,0.0,,,,
1730821953461,0.216666666,,,
1730821953462,,,0.213333333,
1730821953469,,0.21,,
1730821954455,0.0,,,,
1730821954461,0.195,,,
1730821954462,,,0.208333333,
1730821954469,,0.21,,
1730821955455,0.001666666,,,,
1730821955461,0.20313020279720279,,,
1730821955462,,,0.2097902097902098,
1730821955469,,0.196666666,,
1730821956455,0.0,,,,
1730821956461,0.19019019019019018,,,
1730821956462,,,0.20353686986986988,
1730821956469,,0.198333333,,
1730821957455,0.0,,,,
1730821957461,0.201666666,,,
1730821957462,,,0.203333333,
1730821957469,,0.198333333,,
1730821958455,0.0,,,,
1730821958461,0.18,,,
1730821958462,,,0.275,
1730821958469,,0.26,,
1730821959454,0.0,,,,
1730821959461,0.276666666,,,
1730821959462,,,0.201666666,
1730821959469,,0.188333333,,
1730821960455,0.001666666,,,,
1730821960461,0.191666666,,,
1730821960462,,,0.21,
1730821960473,,0.20604852043868394,,
1730821961455,0.001666666,,,,
1730821961461,0.206666666,,,
1730821961462,,,0.2,
1730821961469,,0.21397525877632897,,
1730821962455,0.0,,,,
1730821962461,0.203333333,,,
1730821962462,,,0.203333333,
1730821962469,,0.206666666,,
1730821963455,0.0,,,,
1730821963461,0.198333333,,,
1730821963462,,,0.215,
1730821963469,,0.205,,
1730821964455,0.0,,,,
1730821964461,0.193333333,,,
1730821964462,,,0.21145521078921078,
1730821964469,,0.211666666,,
1730821965455,0.0,,,,
1730821965461,0.208333333,,,
1730821965462,,,0.2,
1730821965469,,0.20353686986986988,,
1730821966455,0.001666666,,,,
1730821966461,0.198333333,,,
1730821966462,,,0.2135468798798799,
1730821966469,,0.216666666,,
1730821967454,0.0,,,,
1730821967461,0.195,,,
1730821967462,,,0.216666666,
1730821967469,,0.2081252077922078,,
1730821968454,0.0,,,,
1730821968461,0.205,,,
1730821968462,,,0.213333333,
1730821968469,,0.215,,
1730821969454,0.0,,,,
1730821969461,0.22,,,
1730821969462,,,0.211666666,
1730821969469,,0.20353686986986988,,
1730821970455,0.003333333,,,,
1730821970461,0.215,,,
1730821970462,,,0.1981351978021978,
1730821970469,,0.2064602057942058,,
1730821971454,0.0,,,,
1730821971461,0.205,,,
1730821971462,,,0.2,
1730821971469,,0.213333333,,
1730821972455,0.0,,,,
1730821972461,0.195,,,
1730821972462,,,0.225,
1730821972469,,0.196666666,,
1730821973455,0.036666666,,,,
1730821973461,0.208333333,,,
1730821973462,,,0.20687353953953955,
1730821973469,,0.2,,
1730821974455,0.0,,,,
1730821974461,0.2,,,
1730821974462,,,0.205,
1730821974469,,0.21021021021021022,,
1730821975455,0.001666666,,,,
1730821975461,0.193333333,,,
1730821975462,,,0.191666666,
1730821975469,,0.203333333,,
1730821976455,0.0,,,,
1730821976461,0.208333333,,,
1730821976462,,,0.203333333,
1730821976469,,0.198333333,,
1730821977455,0.0,,,,
1730821977461,0.21,,,
1730821977462,,,0.205,
1730821977469,,0.205,,
1730821978455,0.0,,,,
1730821978461,0.201666666,,,
1730821978462,,,0.205,
1730821978469,,0.201666666,,
1730821979454,0.001666666,,,,
1730821979461,0.19,,,
1730821979462,,,0.21,
1730821979469,,0.215,,
1730821980454,0.0,,,,
1730821980461,0.198333333,,,
1730821980462,,,0.21645021578421578,
1730821980469,,0.1998001998001998,,
1730821981455,0.0,,,,
1730821981461,0.19,,,
1730821981462,,,0.20854187487487488,
1730821981469,,0.2235568898898899,,
1730821982455,0.0,,,,
1730821982461,0.198333333,,,
1730821982462,,,0.196666666,
1730821982469,,0.25141525074925075,,
1730821983455,0.0,,,,
1730821983461,0.203333333,,,
1730821983462,,,0.215,
1730821983469,,0.21021021021021022,,
1730821984455,0.003333333,,,,
1730821984461,0.195,,,
1730821984462,,,0.211666666,
1730821984469,,0.206666666,,
1730821985455,0.0,,,,
1730821985461,0.213333333,,,
1730821985462,,,0.201666666,
1730821985469,,0.19480519480519481,,
1730821986455,0.0,,,,
1730821986461,0.183333333,,,
1730821986462,,,0.2,
1730821986469,,0.20186853453453454,,
1730821987455,0.0,,,,
1730821987461,0.205,,,
1730821987462,,,0.206666666,
1730821987469,,0.2081252077922078,,
1730821988455,0.001666666,,,,
1730821988461,0.191666666,,,
1730821988462,,,0.22144522077922077,
1730821988469,,0.205,,
1730821989455,0.0,,,,
1730821989461,0.205,,,
1730821989462,,,0.20186853453453454,
1730821989469,,0.2235568898898899,,
1730821990454,0.0,,,,
1730821990461,0.206666666,,,
1730821990462,,,0.203333333,
1730821990469,,0.205,,
1730821991455,0.001666666,,,,
1730821991461,0.198333333,,,
1730821991462,,,0.195,
1730821991469,,0.211666666,,
1730821992454,0.0,,,,
1730821992461,0.198333333,,,
1730821992462,,,0.1964701958041958,
1730821992469,,0.196666666,,
1730821993455,0.0,,,,
1730821993461,0.206666666,,,
1730821993462,,,0.19853186486486488,
1730821993469,,0.206666666,,
1730821994455,0.0,,,,
1730821994461,0.206666666,,,
1730821994462,,,0.195,
1730821994469,,0.21478521478521478,,
1730821995454,0.001666666,,,,
1730821995461,0.201666666,,,
1730821995462,,,0.2,
1730821995469,,0.21187854454454455,,
1730821996454,0.0,,,,
1730821996461,0.183333333,,,
1730821996462,,,0.21478521478521478,
1730821996469,,0.19,,
1730821997454,0.001666666,,,,
1730821997461,0.185,,,
1730821997462,,,0.2185518848848849,
1730821997469,,0.22144522077922077,,
1730821998455,0.001666666,,,,
1730821998461,0.203333333,,,
1730821998462,,,0.193333333,
1730821998469,,0.213333333,,
1730821999455,0.0,,,,
1730821999461,0.196666666,,,
1730821999462,,,0.201666666,
1730821999469,,0.205,,
1730822000455,0.001666666,,,,
1730822000461,0.2,,,
1730822000462,,,0.208333333,
1730822000469,,0.205,,
1730822001455,0.0,,,,
1730822001461,0.21,,,
1730822001462,,,0.205,
1730822001469,,0.20186853453453454,,
1730822002455,0.0,,,,
1730822002461,0.203333333,,,
1730822002462,,,0.203333333,
1730822002469,,0.21145521078921078,,
1730822003455,0.0,,,,
1730822003461,0.201666666,,,
1730822003462,,,0.201666666,
1730822003469,,0.205,,
1730822004455,0.0,,,,
1730822004461,0.2,,,
1730822004462,,,0.2131202127872128,
1730822004469,,0.201666666,,
1730822005455,0.0,,,,
1730822005461,0.196666666,,,
1730822005462,,,0.20353686986986988,
1730822005469,,0.22522522522522523,,
1730822006455,0.001666666,,,,
1730822006461,0.208333333,,,
1730822006462,,,0.215,
1730822006469,,0.206666666,,
1730822007454,0.0,,,,
1730822007461,0.21,,,
1730822007462,,,0.211666666,
1730822007469,,0.211666666,,
1730822008454,0.0,,,,
1730822008461,0.193333333,,,
1730822008462,,,0.2,
1730822008469,,0.215,,
1730822009455,0.0,,,,
1730822009461,0.206666666,,,
1730822009462,,,0.198333333,
1730822009469,,0.20313020279720279,,
1730822010455,0.001666666,,,,
1730822010461,0.201666666,,,
1730822010462,,,0.2,
1730822010469,,0.198333333,,
1730822011454,0.0,,,,
1730822011461,0.203333333,,,
1730822011462,,,0.195,
1730822011469,,0.2,,
1730822012455,0.001666666,,,,
1730822012461,0.1981351978021978,,,
1730822012462,,,0.21478521478521478,
1730822012469,,0.2235568898898899,,
1730822013455,0.0,,,,
1730822013461,0.20687353953953955,,,
1730822013462,,,0.20186853453453454,
1730822013469,,0.208333333,,
1730822014455,0.0,,,,
1730822014461,0.196666666,,,
1730822014462,,,0.1981351978021978,
1730822014469,,0.2081252077922078,,
1730822015455,0.0,,,,
1730822015461,0.2,,,
1730822015462,,,0.21187854454454455,
1730822015469,,0.19853186486486488,,
1730822016455,0.0,,,,
1730822016461,0.188333333,,,
1730822016462,,,0.205,
1730822016469,,0.1964701958041958,,
1730822017454,0.001666666,,,,
1730822017461,0.208333333,,,
1730822017462,,,0.2,
1730822017469,,0.19686352952952954,,
1730822018455,0.0,,,,
1730822018461,0.195,,,
1730822018462,,,0.206666666,
1730822018469,,0.1998001998001998,,
1730822019454,0.0,,,,
1730822019461,0.198333333,,,
1730822019462,,,0.19,
1730822019469,,0.20520520520520522,,
1730822020454,0.0,,,,
1730822020461,0.2,,,
1730822020462,,,0.21478521478521478,
1730822020469,,0.22311022277722278,,
1730822021455,0.001666666,,,,
1730822021461,0.205,,,
1730822021462,,,0.20186853453453454,
1730822021469,,0.2,,
1730822022454,0.001666666,,,,
1730822022461,0.203333333,,,
1730822022462,,,0.198333333,
1730822022469,,0.20353686986986988,,
1730822023455,0.0,,,,
1730822023461,0.2,,,
1730822023462,,,0.198333333,
1730822023469,,0.1981351978021978,,
1730822024455,0.0,,,,
1730822024461,0.2,,,
1730822024462,,,0.203333333,
1730822024469,,0.2002002002002002,,
1730822025455,0.0,,,,
1730822025461,0.208333333,,,
1730822025462,,,0.203333333,
1730822025469,,0.21478521478521478,,
1730822026454,0.001666666,,,,
1730822026461,0.201666666,,,
1730822026462,,,0.2,
1730822026469,,0.21688354954954955,,
1730822027454,0.0,,,,
1730822027461,0.19,,,
1730822027462,,,0.203333333,
1730822027469,,0.201666666,,
1730822028455,0.006666666,,,,
1730822028461,0.193333333,,,
1730822028462,,,0.2014652007992008,
1730822028469,,0.22,,
1730822029455,0.0,,,,
1730822029461,0.196666666,,,
1730822029462,,,0.19686352952952954,
1730822029469,,0.2064602057942058,,
1730822030454,0.0,,,,
1730822030461,0.195,,,
1730822030462,,,0.206666666,
1730822030469,,0.20520520520520522,,
1730822031455,0.001666666,,,,
1730822031461,0.195,,,
1730822031462,,,0.208333333,
1730822031469,,0.203333333,,
1730822032455,0.0,,,,
1730822032461,0.2,,,
1730822032462,,,0.2,
1730822032469,,0.20313020279720279,,
1730822033455,0.001666666,,,,
1730822033461,0.205,,,
1730822033462,,,0.211666666,
1730822033469,,0.2002002002002002,,
1730822034454,0.0,,,,
1730822034461,0.196666666,,,
1730822034462,,,0.208333333,
1730822034469,,0.206666666,,
1730822035454,0.0,,,,
1730822035461,0.206666666,,,
1730822035462,,,0.186666666,
1730822035469,,0.218333333,,
1730822036454,0.0,,,,
1730822036461,0.203333333,,,
1730822036462,,,0.223333333,
1730822036469,,0.195,,
1730822037454,0.001666666,,,,
1730822037461,0.185,,,
1730822037462,,,0.21,
1730822037469,,0.203333333,,
1730822038455,0.0,,,,
1730822038461,0.191666666,,,
1730822038462,,,0.205,
1730822038469,,0.2047952047952048,,
1730822039454,0.0,,,,
1730822039461,0.183333333,,,
1730822039462,,,0.208333333,
1730822039469,,0.2135468798798799,,
1730822040454,0.0,,,,
1730822040461,0.213333333,,,
1730822040462,,,0.205,
1730822040469,,0.2,,
1730822041454,0.0,,,,
1730822041461,0.203333333,,,
1730822041462,,,0.195,
1730822041469,,0.2047952047952048,,
1730822042454,0.0,,,,
1730822042461,0.196666666,,,
1730822042462,,,0.201666666,
1730822042469,,0.19686352952952954,,
1730822043455,0.005,,,,
1730822043461,0.206666666,,,
1730822043462,,,0.195,
1730822043469,,0.21145521078921078,,
1730822044454,0.0,,,,
1730822044461,0.18,,,
1730822044462,,,0.23143523076923078,
1730822044469,,0.21521521521521522,,
1730822045455,0.0,,,,
1730822045461,0.2,,,
1730822045462,,,0.198333333,
1730822045469,,0.215,,
1730822046454,0.0,,,,
1730822046461,0.205,,,
1730822046462,,,0.18518518518518517,
1730822046469,,0.22144522077922077,,
1730822047455,0.001666666,,,,
1730822047461,0.208333333,,,
1730822047462,,,0.186666666,
1730822047469,,0.20353686986986988,,
1730822048454,0.0,,,,
1730822048461,0.211666666,,,
1730822048462,,,0.205,
1730822048469,,0.2,,
1730822049455,0.001666666,,,,
1730822049461,0.205,,,
1730822049462,,,0.195,
1730822049469,,0.2014652007992008,,
1730822050455,0.001666666,,,,
1730822050461,0.206666666,,,
1730822050462,,,0.19,
1730822050469,,0.215,,
1730822051454,0.0,,,,
1730822051461,0.211666666,,,
1730822051462,,,0.208333333,
1730822051469,,0.19519519519519518,,
1730822052455,0.0,,,,
1730822052461,0.21,,,
1730822052462,,,0.211666666,
1730822052469,,0.2081252077922078,,
1730822053455,0.001666666,,,,
1730822053461,0.193333333,,,
1730822053462,,,0.22,
1730822053469,,0.205,,
1730822054455,0.0,,,,
1730822054461,0.205,,,
1730822054462,,,0.205,
1730822054469,,0.1868535195195195,,
1730822055455,0.0,,,,
1730822055461,0.21,,,
1730822055462,,,0.203333333,
1730822055469,,0.1998001998001998,,
1730822056455,0.0,,,,
1730822056461,0.201666666,,,
1730822056462,,,0.208333333,
1730822056469,,0.216666666,,
1730822057455,0.0,,,,
1730822057461,0.206666666,,,
1730822057462,,,0.188333333,
1730822057469,,0.21187854454454455,,
1730822058454,0.001666666,,,,
1730822058461,0.196666666,,,
1730822058462,,,0.195,
1730822058469,,0.213333333,,
1730822059455,0.0,,,,
1730822059461,0.206666666,,,
1730822059462,,,0.211666666,
1730822059469,,0.1981351978021978,,
1730822060454,0.001666666,,,,
1730822060461,0.203333333,,,
1730822060462,,,0.218333333,
1730822060469,,0.20520520520520522,,
1730822061455,0.001666666,,,,
1730822061461,0.205,,,
1730822061462,,,0.195,
1730822061469,,0.20313020279720279,,
1730822062454,0.0,,,,
1730822062461,0.206666666,,,
1730822062462,,,0.211666666,
1730822062469,,0.21021021021021022,,
1730822063455,0.0,,,,
1730822063461,0.22,,,
1730822063462,,,0.198333333,
1730822063469,,0.213333333,,
1730822064455,0.001666666,,,,
1730822064461,0.205,,,
1730822064462,,,0.19,
1730822064469,,0.205,,
1730822065454,0.0,,,,
1730822065461,0.196666666,,,
1730822065462,,,0.203333333,
1730822065469,,0.198333333,,
1730822066454,0.0,,,,
1730822066461,0.191666666,,,
1730822066462,,,0.188333333,
1730822066469,,0.208333333,,
1730822067454,0.0,,,,
1730822067461,0.198333333,,,
1730822067462,,,0.191666666,
1730822067469,,0.195,,
1730822068455,0.0,,,,
1730822068461,0.188333333,,,
1730822068462,,,0.2131202127872128,
1730822068469,,0.198333333,,
1730822069454,0.001666666,,,,
1730822069461,0.2,,,
1730822069462,,,0.20186853453453454,
1730822069469,,0.203333333,,
1730822070454,0.0,,,,
1730822070461,0.193333333,,,
1730822070462,,,0.188333333,
1730822070469,,0.2,,
1730822071455,0.001666666,,,,
1730822071461,0.286666666,,,
1730822071462,,,0.17,
1730822071469,,0.18,,
1730822072455,0.0,,,,
1730822072461,0.19,,,
1730822072462,,,0.19,
1730822072469,,0.23310023276723277,,
1730822073455,0.0,,,,
1730822073461,0.178333333,,,
1730822073462,,,0.258333333,
1730822073469,,0.276666666,,
1730822074455,0.0,,,,
1730822074461,0.198333333,,,
1730822074462,,,0.188333333,
1730822074469,,0.2135468798798799,,
1730822075454,0.0,,,,
1730822075461,0.191666666,,,
1730822075462,,,0.186666666,
1730822075469,,0.2,,
1730822076454,0.001666666,,,,
1730822076461,0.191666666,,,
1730822076462,,,0.21,
1730822076469,,0.185,,
1730822077455,0.0,,,,
1730822077461,0.2,,,
1730822077462,,,0.191666666,
1730822077469,,0.201666666,,
1730822078454,0.0,,,,
1730822078461,0.198333333,,,
1730822078462,,,0.191666666,
1730822078469,,0.193333333,,
1730822079454,0.0,,,,
1730822079461,0.188333333,,,
1730822079462,,,0.203333333,
1730822079469,,0.2,,
1730822080455,0.0,,,,
1730822080461,0.201666666,,,
1730822080462,,,0.208333333,
1730822080469,,0.195,,
1730822081454,0.001666666,,,,
1730822081461,0.2,,,
1730822081462,,,0.205,
1730822081469,,0.19,,
1730822082455,0.001666666,,,,
1730822082461,0.19,,,
1730822082462,,,0.19,
1730822082469,,0.21145521078921078,,
1730822083455,0.0,,,,
1730822083461,0.201666666,,,
1730822083462,,,0.201666666,
1730822083469,,0.18351684984984984,,
1730822084455,0.0,,,,
1730822084461,0.2,,,
1730822084469,,0.19480519480519481,,
1730822084480,,,0.203012442043222,
1730822085455,0.0,,,,
1730822085461,0.191666666,,,
1730822085462,,,0.20196877087576376,
1730822085470,,0.196666666,,
1730822086454,0.001666666,,,,
1730822086461,0.188333333,,,
1730822086462,,,0.196666666,
1730822086469,,0.20186853453453454,,
1730822087454,0.0,,,,
1730822087461,0.193333333,,,
1730822087462,,,0.183333333,
1730822087469,,0.198333333,,
1730822088454,0.0,,,,
1730822088461,0.206666666,,,
1730822088462,,,0.198333333,
1730822088469,,0.195,,
1730822089454,0.0,,,,
1730822089461,0.203333333,,,
1730822089462,,,0.201666666,
1730822089469,,0.203333333,,
1730822090454,0.0,,,,
1730822090461,0.19,,,
1730822090462,,,0.191666666,
1730822090469,,0.19480519480519481,,
1730822091455,0.0,,,,
1730822091461,0.198333333,,,
1730822091462,,,0.196666666,
1730822091469,,0.201666666,,
1730822092454,0.001666666,,,,
1730822092461,0.188333333,,,
1730822092462,,,0.198333333,
1730822092469,,0.206666666,,
1730822093455,0.0,,,,
1730822093461,0.19,,,
1730822093462,,,0.2097902097902098,
1730822093469,,0.20353686986986988,,
1730822094454,0.001666666,,,,
1730822094461,0.19,,,
1730822094462,,,0.19019019019019018,
1730822094469,,0.196666666,,
1730822095455,0.0,,,,
1730822095461,0.185,,,
1730822095462,,,0.195,
1730822095469,,0.1881451878121878,,
1730822096455,0.0,,,,
1730822096461,0.215,,,
1730822096462,,,0.201666666,
1730822096469,,0.20353686986986988,,
1730822097455,0.0,,,,
1730822097461,0.203333333,,,
1730822097462,,,0.198333333,
1730822097469,,0.2,,
1730822098455,0.001666666,,,,
1730822098461,0.18,,,
1730822098462,,,0.181666666,
1730822098469,,0.211666666,,
1730822099455,0.0,,,,
1730822099461,0.186666666,,,
1730822099462,,,0.188333333,
1730822099469,,0.2047952047952048,,
1730822100455,0.0,,,,
1730822100461,0.186666666,,,
1730822100462,,,0.198333333,
1730822100469,,0.18518518518518517,,
1730822101454,0.0,,,,
1730822101461,0.186666666,,,
1730822101462,,,0.195,
1730822101469,,0.186666666,,
1730822102454,0.0,,,,
1730822102461,0.196666666,,,
1730822102462,,,0.186666666,
1730822102469,,0.186666666,,
1730822103454,0.0,,,,
1730822103461,0.198333333,,,
1730822103462,,,0.188333333,
1730822103469,,0.188333333,,
1730822104454,0.001666666,,,,
1730822104461,0.2,,,
1730822104462,,,0.18315018281718282,
1730822104469,,0.193333333,,
1730822105455,0.001666666,,,,
1730822105461,0.191666666,,,
1730822105462,,,0.19352685985985987,
1730822105469,,0.188333333,,
1730822106455,0.0,,,,
1730822106461,0.193333333,,,
1730822106462,,,0.195,
1730822106469,,0.211666666,,
1730822107454,0.0,,,,
1730822107461,0.195,,,
1730822107462,,,0.188333333,
1730822107469,,0.19,,
1730822108454,0.0,,,,
1730822108461,0.18,,,
1730822108462,,,0.181666666,
1730822108469,,0.1881451878121878,,
1730822109454,0.0,,,,
1730822109461,0.186666666,,,
1730822109462,,,0.191666666,
1730822109469,,0.19019019019019018,,
1730822110455,0.001666666,,,,
1730822110461,0.198333333,,,
1730822110462,,,0.195,
1730822110469,,0.1964701958041958,,
1730822111454,0.0,,,,
1730822111461,0.203333333,,,
1730822111462,,,0.218333333,
1730822111469,,0.273333333,,
1730822112455,0.0,,,,
1730822112461,0.19,,,
1730822112462,,,0.196666666,
1730822112469,,0.196666666,,
1730822113454,0.0,,,,
1730822113461,0.2,,,
1730822113462,,,0.186666666,
1730822113469,,0.191666666,,
1730822114455,0.0,,,,
1730822114461,0.183333333,,,
1730822114462,,,0.185,
1730822114469,,0.20687353953953955,,
1730822115454,0.0,,,,
1730822115461,0.2,,,
1730822115462,,,0.2014652007992008,
1730822115469,,0.195,,
1730822116454,0.001666666,,,,
1730822116461,0.185,,,
1730822116462,,,0.185,
1730822116469,,0.185,,
1730822117454,0.0,,,,
1730822117461,0.19,,,
1730822117462,,,0.19019019019019018,
1730822117469,,0.193333333,,
1730822118454,0.003333333,,,,
1730822118461,0.188333333,,,
1730822118462,,,0.208333333,
1730822118469,,0.185,,
1730822119455,0.0,,,,
1730822119461,0.198333333,,,
1730822119462,,,0.185,
1730822119469,,0.198333333,,
1730822120454,0.0,,,,
1730822120461,0.19,,,
1730822120462,,,0.19,
1730822120469,,0.198333333,,
1730822121454,0.001666666,,,,
1730822121461,0.198333333,,,
1730822121462,,,0.19,
1730822121469,,0.19,,
1730822122455,0.0,,,,
1730822122461,0.188333333,,,
1730822122462,,,0.188333333,
1730822122469,,0.198333333,,
1730822123454,0.0,,,,
1730822123461,0.206666666,,,
1730822123462,,,0.186666666,
1730822123469,,0.206666666,,
1730822124455,0.0,,,,
1730822124461,0.191666666,,,
1730822124462,,,0.22977022977022976,
1730822124469,,0.191666666,,
1730822125455,0.001666666,,,,
1730822125461,0.181666666,,,
1730822125462,,,0.19853186486486488,
1730822125469,,0.198333333,,
1730822126455,0.0,,,,
1730822126461,0.185,,,
1730822126462,,,0.191666666,
1730822126469,,0.205,,
1730822127455,0.0,,,,
1730822127461,0.185,,,
1730822127462,,,0.203333333,
1730822127469,,0.195,,
1730822128455,0.018333333,,,,
1730822128461,0.195,,,
1730822128462,,,0.2014652007992008,
1730822128469,,0.2064602057942058,,
1730822129455,0.001666666,,,,
1730822129461,0.198333333,,,
1730822129462,,,0.18852185485485484,
1730822129469,,0.205,,
1730822130454,0.0,,,,
1730822130461,0.178333333,,,
1730822130462,,,0.18,
1730822130469,,0.20186853453453454,,
1730822131455,0.0,,,,
1730822131461,0.19,,,
1730822131462,,,0.198333333,
1730822131469,,0.205,,
1730822132455,0.0,,,,
1730822132461,0.196666666,,,
1730822132462,,,0.201666666,
1730822132469,,0.205,,
1730822133455,0.0,,,,
1730822133461,0.191666666,,,
1730822133462,,,0.206666666,
1730822133469,,0.21,,
1730822134454,0.001666666,,,,
1730822134461,0.19,,,
1730822134462,,,0.191666666,
1730822134469,,0.198333333,,
1730822135454,0.0,,,,
1730822135461,0.181666666,,,
1730822135462,,,0.208333333,
1730822135469,,0.203333333,,
1730822136455,0.0,,,,
1730822136461,0.19,,,
1730822136462,,,0.196666666,
1730822136469,,0.20313020279720279,,
1730822137454,0.0,,,,
1730822137461,0.198333333,,,
1730822137462,,,0.191666666,
1730822137469,,0.19352685985985987,,
1730822138454,0.0,,,,
1730822138461,0.21,,,
1730822138462,,,0.198333333,
1730822138469,,0.203333333,,
1730822139455,0.0,,,,
1730822139461,0.205,,,
1730822139462,,,0.188333333,
1730822139469,,0.195,,
1730822140454,0.001666666,,,,
1730822140461,0.191666666,,,
1730822140462,,,0.191666666,
1730822140469,,0.195,,
1730822141454,0.0,,,,
1730822141461,0.188333333,,,
1730822141462,,,0.193333333,
1730822141469,,0.19,,
1730822142454,0.0,,,,
1730822142461,0.198333333,,,
1730822142462,,,0.196666666,
1730822142469,,0.205,,
1730822143454,0.0,,,,
1730822143461,0.19,,,
1730822143462,,,0.211666666,
1730822143469,,0.19,,
1730822144454,0.001666666,,,,
1730822144461,0.185,,,
1730822144462,,,0.201666666,
1730822144469,,0.201666666,,
1730822145454,0.0,,,,
1730822145461,0.191666666,,,
1730822145462,,,0.196666666,
1730822145469,,0.195,,
1730822146454,0.001666666,,,,
1730822146461,0.195,,,
1730822146462,,,0.191666666,
1730822146469,,0.21478521478521478,,
1730822147454,0.0,,,,
1730822147461,0.195,,,
1730822147462,,,0.193333333,
1730822147469,,0.2185518848848849,,
1730822148454,0.0,,,,
1730822148461,0.2,,,
1730822148462,,,0.193333333,
1730822148469,,0.21478521478521478,,
1730822149454,0.0,,,,
1730822149461,0.183333333,,,
1730822149462,,,0.195,
1730822149469,,0.19853186486486488,,
1730822150455,0.0,,,,
1730822150461,0.195,,,
1730822150462,,,0.196666666,
1730822150469,,0.2,,
1730822151454,0.0,,,,
1730822151461,0.195,,,
1730822151462,,,0.21,
1730822151469,,0.185,,
1730822152454,0.001666666,,,,
1730822152461,0.186666666,,,
1730822152462,,,0.186666666,
1730822152469,,0.193333333,,
1730822153454,0.0,,,,
1730822153461,0.193333333,,,
1730822153462,,,0.183333333,
1730822153469,,0.195,,
1730822154454,0.0,,,,
1730822154461,0.206666666,,,
1730822154462,,,0.188333333,
1730822154469,,0.213333333,,
1730822155454,0.0,,,,
1730822155461,0.198333333,,,
1730822155462,,,0.193333333,
1730822155469,,0.203333333,,
1730822156454,0.001666666,,,,
1730822156461,0.185,,,
1730822156462,,,0.2,
1730822156469,,0.186666666,,
1730822157454,0.0,,,,
1730822157461,0.181666666,,,
1730822157462,,,0.185,
1730822157469,,0.185,,
1730822158454,0.0,,,,
1730822158461,0.195,,,
1730822158462,,,0.18,
1730822158469,,0.196666666,,
1730822159454,0.001666666,,,,
1730822159461,0.181666666,,,
1730822159462,,,0.186666666,
1730822159469,,0.196666666,,
1730822160454,0.0,,,,
1730822160461,0.175,,,
1730822160462,,,0.196666666,
1730822160469,,0.178333333,,
1730822161454,0.0,,,,
1730822161461,0.188333333,,,
1730822161462,,,0.186666666,
1730822161469,,0.191666666,,
1730822162454,0.0,,,,
1730822162461,0.188333333,,,
1730822162462,,,0.198333333,
1730822162469,,0.205,,
1730822163454,0.0,,,,
1730822163461,0.185,,,
1730822163462,,,0.185,
1730822163469,,0.195,,
1730822164454,0.001666666,,,,
1730822164461,0.183333333,,,
1730822164462,,,0.176666666,
1730822164469,,0.195,,
1730822165454,0.0,,,,
1730822165461,0.19,,,
1730822165462,,,0.191666666,
1730822165469,,0.191666666,,
1730822166454,0.0,,,,
1730822166461,0.176666666,,,
1730822166462,,,0.188333333,
1730822166469,,0.19,,
1730822167454,0.0,,,,
1730822167461,0.173333333,,,
1730822167462,,,0.183333333,
1730822167469,,0.193333333,,
1730822168454,0.0,,,,
1730822168461,0.18,,,
1730822168462,,,0.19,
1730822168469,,0.19,,
1730822169455,0.0,,,,
1730822169461,0.186666666,,,
1730822169462,,,0.185,
1730822169469,,0.188333333,,
1730822170454,0.001666666,,,,
1730822170461,0.195,,,
1730822170462,,,0.185,
1730822170487,,0.2013752455795678,,
1730822171454,0.0,,,,
1730822171461,0.175,,,
1730822171462,,,0.185,
1730822171469,,0.18839103869653767,,
1730822172454,0.0,,,,
1730822172461,0.186666666,,,
1730822172462,,,0.188333333,
1730822172469,,0.193333333,,
1730822173454,0.0,,,,
1730822173461,0.185,,,
1730822173462,,,0.188333333,
1730822173469,,0.1964701958041958,,
1730822174454,0.0,,,,
1730822174461,0.185,,,
1730822174462,,,0.198333333,
1730822174470,,0.198333333,,
1730822175455,0.0,,,,
1730822175461,0.193333333,,,
1730822175462,,,0.198333333,
1730822175469,,0.19519519519519518,,
1730822176455,0.001666666,,,,
1730822176461,0.185,,,
1730822176462,,,0.193333333,
1730822176469,,0.191666666,,
1730822177454,0.0,,,,
1730822177461,0.186666666,,,
1730822177462,,,0.2,
1730822177469,,0.186666666,,
1730822178455,0.0,,,,
1730822178461,0.2,,,
1730822178462,,,0.193333333,
1730822178469,,0.198333333,,
1730822179455,0.001666666,,,,
1730822179461,0.203333333,,,
1730822179462,,,0.191666666,
1730822179469,,0.211666666,,
1730822180455,0.001666666,,,,
1730822180461,0.183333333,,,
1730822180462,,,0.188333333,
1730822180469,,0.188333333,,
1730822181454,0.0,,,,
1730822181461,0.188333333,,,
1730822181462,,,0.186666666,
1730822181469,,0.196666666,,
1730822182455,0.0,,,,
1730822182461,0.178333333,,,
1730822182462,,,0.181666666,
1730822182469,,0.185,,
1730822183454,0.0,,,,
1730822183461,0.19,,,
1730822183462,,,0.186666666,
1730822183469,,0.206666666,,
1730822184454,0.0,,,,
1730822184461,0.193333333,,,
1730822184462,,,0.195,
1730822184469,,0.191666666,,
1730822185454,0.001666666,,,,
1730822185461,0.183333333,,,
1730822185462,,,0.203333333,
1730822185469,,0.183333333,,
1730822186454,0.0,,,,
1730822186461,0.196666666,,,
1730822186462,,,0.19,
1730822186469,,0.196666666,,
1730822187454,0.0,,,,
1730822187461,0.203333333,,,
1730822187462,,,0.183333333,
1730822187469,,0.211666666,,
1730822188454,0.0,,,,
1730822188461,0.18,,,
1730822188462,,,0.188333333,
1730822188469,,0.19,,
1730822189454,0.0,,,,
1730822189461,0.188333333,,,
1730822189462,,,0.193333333,
1730822189469,,0.198333333,,
1730822190455,0.001666666,,,,
1730822190461,0.186666666,,,
1730822190462,,,0.19,
1730822190469,,0.195,,
1730822191455,0.0,,,,
1730822191461,0.19,,,
1730822191462,,,0.191666666,
1730822191469,,0.196666666,,
1730822192454,0.0,,,,
1730822192461,0.183333333,,,
1730822192462,,,0.193333333,
1730822192469,,0.193333333,,
1730822193454,0.0,,,,
1730822193461,0.19,,,
1730822193462,,,0.193333333,
1730822193469,,0.193333333,,
1730822194454,0.0,,,,
1730822194461,0.193333333,,,
1730822194462,,,0.208333333,
1730822194469,,0.195,,
1730822195454,0.0,,,,
1730822195461,0.195,,,
1730822195462,,,0.183333333,
1730822195469,,0.205,,
1730822196454,0.0,,,,
1730822196461,0.19,,,
1730822196462,,,0.19,
1730822196469,,0.19,,
1730822197454,0.001666666,,,,
1730822197461,0.186666666,,,
1730822197462,,,0.183333333,
1730822197469,,0.196666666,,
1730822198454,0.0,,,,
1730822198461,0.176666666,,,
1730822198462,,,0.191666666,
1730822198469,,0.195,,
1730822199454,0.0,,,,
1730822199461,0.185,,,
1730822199462,,,0.201666666,
1730822199469,,0.193333333,,
1730822200454,0.0,,,,
1730822200461,0.191666666,,,
1730822200462,,,0.178333333,
1730822200469,,0.205,,
1730822201454,0.0,,,,
1730822201461,0.188333333,,,
1730822201462,,,0.195,
1730822201469,,0.193333333,,
1730822202454,0.001666666,,,,
1730822202461,0.181666666,,,
1730822202462,,,0.215,
1730822202469,,0.21,,
1730822203455,0.001666666,,,,
1730822203462,0.1998001998001998,,0.196666666,
1730822203469,,0.185,,
1730822204454,0.0,,,,
1730822204461,0.19519519519519518,,,
1730822204462,,,0.186666666,
1730822204469,,0.2,,
1730822205455,0.0,,,,
1730822205461,0.183333333,,,
1730822205462,,,0.2,
1730822205469,,0.193333333,,
1730822206454,0.0,,,,
1730822206461,0.195,,,
1730822206462,,,0.186666666,
1730822206469,,0.196666666,,
1730822207454,0.0,,,,
1730822207461,0.191666666,,,
1730822207462,,,0.196666666,
1730822207469,,0.203333333,,
1730822208454,0.0,,,,
1730822208461,0.185,,,
1730822208462,,,0.186666666,
1730822208469,,0.196666666,,
1730822209454,0.001666666,,,,
1730822209461,0.196666666,,,
1730822209462,,,0.201666666,
1730822209469,,0.206666666,,
1730822210454,0.0,,,,
1730822210461,0.178333333,,,
1730822210462,,,0.206666666,
1730822210469,,0.211666666,,
1730822211455,0.0,,,,
1730822211461,0.203333333,,,
1730822211462,,,0.195,
1730822211469,,0.195,,
1730822212454,0.0,,,,
1730822212461,0.196666666,,,
1730822212462,,,0.191666666,
1730822212469,,0.185,,
1730822213454,0.0,,,,
1730822213461,0.191666666,,,
1730822213462,,,0.198333333,
1730822213469,,0.2,,
1730822214454,0.0,,,,
1730822214461,0.2,,,
1730822214462,,,0.203333333,
1730822214469,,0.188333333,,
1730822215454,0.0,,,,
1730822215461,0.186666666,,,
1730822215462,,,0.185,
1730822215469,,0.191666666,,
1730822216455,0.001666666,,,,
1730822216461,0.193333333,,,
1730822216462,,,0.183333333,
1730822216469,,0.198333333,,
1730822217454,0.001666666,,,,
1730822217461,0.186666666,,,
1730822217462,,,0.193333333,
1730822217469,,0.195,,
1730822218454,0.0,,,,
1730822218461,0.183333333,,,
1730822218462,,,0.2,
1730822218469,,0.211666666,,
1730822219454,0.0,,,,
1730822219461,0.18,,,
1730822219462,,,0.201666666,
1730822219469,,0.195,,
1730822220455,0.0,,,,
1730822220461,0.208333333,,,
1730822220462,,,0.191666666,
1730822220469,,0.206666666,,
1730822221454,0.0,,,,
1730822221461,0.203333333,,,
1730822221462,,,0.19480519480519481,
1730822221469,,0.208333333,,
1730822222454,0.0,,,,
1730822222461,0.188333333,,,
1730822222462,,,0.19686352952952954,
1730822222469,,0.191666666,,
1730822223454,0.0,,,,
1730822223461,0.208333333,,,
1730822223462,,,0.195,
1730822223469,,0.201666666,,
1730822224454,0.001666666,,,,
1730822224461,0.195,,,
1730822224462,,,0.19,
1730822224469,,0.196666666,,
1730822225454,0.0,,,,
1730822225461,0.193333333,,,
1730822225462,,,0.196666666,
1730822225469,,0.2131202127872128,,
1730822226454,0.0,,,,
1730822226461,0.186666666,,,
1730822226462,,,0.188333333,
1730822226469,,0.18852185485485484,,
1730822227454,0.0,,,,
1730822227461,0.181666666,,,
1730822227462,,,0.21,
1730822227469,,0.186666666,,
1730822228454,0.0,,,,
1730822228461,0.201666666,,,
1730822228462,,,0.193333333,
1730822228469,,0.188333333,,
1730822229454,0.0,,,,
1730822229461,0.198333333,,,
1730822229462,,,0.188333333,
1730822229469,,0.19,,
1730822230455,0.001666666,,,,
1730822230461,0.196666666,,,
1730822230462,,,0.191666666,
1730822230469,,0.191666666,,
1730822231454,0.0,,,,
1730822231461,0.185,,,
1730822231462,,,0.2,
1730822231469,,0.195,,
1730822232455,0.0,,,,
1730822232461,0.191666666,,,
1730822232462,,,0.19,
1730822232469,,0.19,,
1730822233454,0.0,,,,
1730822233461,0.191666666,,,
1730822233462,,,0.201666666,
1730822233469,,0.225,,
1730822234455,0.001666666,,,,
1730822234461,0.176666666,,,
1730822234462,,,0.198333333,
1730822234469,,0.201666666,,
1730822235455,0.0,,,,
1730822235461,0.183333333,,,
1730822235462,,,0.211666666,
1730822235469,,0.201666666,,
1730822236454,0.001666666,,,,
1730822236461,0.198333333,,,
1730822236462,,,0.183333333,
1730822236469,,0.208333333,,
1730822237454,0.0,,,,
1730822237461,0.193333333,,,
1730822237462,,,0.193333333,
1730822237469,,0.208333333,,
1730822238455,0.001666666,,,,
1730822238461,0.19,,,
1730822238462,,,0.19,
1730822238469,,0.206666666,,
1730822239455,0.0,,,,
1730822239461,0.185,,,
1730822239462,,,0.19,
1730822239469,,0.22,,
1730822240454,0.0,,,,
1730822240461,0.181666666,,,
1730822240462,,,0.181666666,
1730822240469,,0.203333333,,
1730822241454,0.0,,,,
1730822241461,0.211666666,,,
1730822241462,,,0.191666666,
1730822241469,,0.21,,
1730822242454,0.0,,,,
1730822242461,0.176666666,,,
1730822242462,,,0.196666666,
1730822242469,,0.198333333,,
1730822243454,0.0,,,,
1730822243461,0.188333333,,,
1730822243462,,,0.206666666,
1730822243469,,0.195,,
1730822244454,0.0,,,,
1730822244461,0.206666666,,,
1730822244462,,,0.211666666,
1730822244469,,0.191666666,,
1730822245455,0.001666666,,,,
1730822245461,0.183333333,,,
1730822245462,,,0.186666666,
1730822245469,,0.196666666,,
1730822246455,0.0,,,,
1730822246461,0.188333333,,,
1730822246462,,,0.193333333,
1730822246469,,0.19,,
1730822247454,0.0,,,,
1730822247461,0.19,,,
1730822247462,,,0.193333333,
1730822247469,,0.208333333,,
1730822248454,0.0,,,,
1730822248461,0.195,,,
1730822248462,,,0.208333333,
1730822248469,,0.18981018981018982,,
1730822249454,0.001666666,,,,
1730822249461,0.191666666,,,
1730822249462,,,0.208333333,
1730822249469,,0.191666666,,
1730822250454,0.0,,,,
1730822250461,0.188333333,,,
1730822250462,,,0.196666666,
1730822250469,,0.19686352952952954,,
1730822251454,0.0,,,,
1730822251461,0.196666666,,,
1730822251462,,,0.198333333,
1730822251469,,0.1964701958041958,,
1730822252455,0.001666666,,,,
1730822252461,0.19,,,
1730822252462,,,0.225,
1730822252469,,0.1768435095095095,,
1730822253454,0.0,,,,
1730822253461,0.191666666,,,
1730822253462,,,0.186666666,
1730822253469,,0.2,,
1730822254454,0.0,,,,
1730822254461,0.185,,,
1730822254462,,,0.19,
1730822254469,,0.195,,
1730822255454,0.001666666,,,,
1730822255461,0.188333333,,,
1730822255462,,,0.183333333,
1730822255469,,0.216666666,,
1730822256454,0.001666666,,,,
1730822256461,0.188333333,,,
1730822256462,,,0.191666666,
1730822256469,,0.203333333,,
1730822257454,0.0,,,,
1730822257461,0.191666666,,,
1730822257462,,,0.2,
1730822257469,,0.198333333,,
1730822258454,0.0,,,,
1730822258461,0.193333333,,,
1730822258462,,,0.193333333,
1730822258469,,0.198333333,,
1730822259454,0.0,,,,
1730822259461,0.198333333,,,
1730822259462,,,0.196666666,
1730822259469,,0.195,,
1730822260455,0.0,,,,
1730822260461,0.205,,,
1730822260462,,,0.213333333,
1730822260469,,0.185,,
1730822261454,0.001666666,,,,
1730822261461,0.198333333,,,
1730822261462,,,0.198333333,
1730822261469,,0.205,,
1730822262454,0.0,,,,
1730822262461,0.188333333,,,
1730822262462,,,0.196666666,
1730822262469,,0.21,,
1730822263454,0.0,,,,
1730822263461,0.183333333,,,
1730822263462,,,0.186666666,
1730822263469,,0.19,,
1730822264454,0.0,,,,
1730822264461,0.191666666,,,
1730822264462,,,0.19,
1730822264469,,0.208333333,,
1730822265455,0.0,,,,
1730822265461,0.193333333,,,
1730822265462,,,0.191666666,
1730822265469,,0.2,,
1730822266454,0.0,,,,
1730822266461,0.196666666,,,
1730822266462,,,0.195,
1730822266469,,0.203333333,,
1730822267454,0.001666666,,,,
1730822267461,0.198333333,,,
1730822267462,,,0.195,
1730822267469,,0.205,,
1730822268455,0.001666666,,,,
1730822268461,0.201666666,,,
1730822268462,,,0.203333333,
1730822268469,,0.191666666,,
1730822269454,0.0,,,,
1730822269461,0.188333333,,,
1730822269462,,,0.203333333,
1730822269469,,0.198333333,,
1730822270454,0.0,,,,
1730822270461,0.19,,,
1730822270462,,,0.191666666,
1730822270469,,0.201666666,,
1730822271455,0.0,,,,
1730822271461,0.185,,,
1730822271462,,,0.2,
1730822271469,,0.208333333,,
1730822272454,0.001666666,,,,
1730822272461,0.195,,,
1730822272462,,,0.198333333,
1730822272469,,0.191666666,,
1730822273454,0.006666666,,,,
1730822273461,0.203333333,,,
1730822273462,,,0.196666666,
1730822273469,,0.193333333,,
1730822274454,0.0,,,,
1730822274461,0.193333333,,,
1730822274462,,,0.188333333,
1730822274469,,0.203333333,,
1730822275454,0.0,,,,
1730822275461,0.193333333,,,
1730822275462,,,0.203333333,
1730822275469,,0.211666666,,
1730822276455,0.001666666,,,,
1730822276461,0.201666666,,,
1730822276462,,,0.205,
1730822276469,,0.211666666,,
1730822277454,0.0,,,,
1730822277461,0.198333333,,,
1730822277462,,,0.201666666,
1730822277469,,0.206666666,,
1730822278454,0.0,,,,
1730822278461,0.196666666,,,
1730822278462,,,0.188333333,
1730822278469,,0.201666666,,
1730822279454,0.0,,,,
1730822279461,0.185,,,
1730822279462,,,0.198333333,
1730822279469,,0.206666666,,
1730822280454,0.0,,,,
1730822280461,0.193333333,,,
1730822280462,,,0.201666666,
1730822280469,,0.213333333,,
1730822281455,0.0,,,,
1730822281461,0.195,,,
1730822281462,,,0.195,
1730822281469,,0.198333333,,
1730822282454,0.001666666,,,,
1730822282461,0.195,,,
1730822282462,,,0.195,
1730822282469,,0.211666666,,
1730822283454,0.0,,,,
1730822283461,0.195,,,
1730822283462,,,0.183333333,
1730822283469,,0.195,,
1730822284454,0.0,,,,
1730822284461,0.198333333,,,
1730822284462,,,0.201666666,
1730822284469,,0.193333333,,
1730822285455,0.0,,,,
1730822285461,0.183333333,,,
1730822285462,,,0.201666666,
1730822285469,,0.203333333,,
1730822286454,0.0,,,,
1730822286461,0.18,,,
1730822286462,,,0.195,
1730822286469,,0.178333333,,
1730822287454,0.0,,,,
1730822287461,0.19,,,
1730822287462,,,0.191666666,
1730822287469,,0.191666666,,
1730822288454,0.001666666,,,,
1730822288461,0.185,,,
1730822288462,,,0.188333333,
1730822288469,,0.191666666,,
1730822289454,0.001666666,,,,
1730822289461,0.173333333,,,
1730822289462,,,0.185,
1730822289469,,0.198333333,,
1730822290455,0.0,,,,
1730822290461,0.175,,,
1730822290462,,,0.188333333,
1730822290469,,0.18,,
1730822291454,0.0,,,,
1730822291461,0.176666666,,,
1730822291462,,,0.19,
1730822291469,,0.191666666,,
1730822292454,0.0,,,,
1730822292461,0.201666666,,,
1730822292462,,,0.205,
1730822292469,,0.18,,
1730822293454,0.0,,,,
1730822293461,0.185,,,
1730822293462,,,0.195,
1730822293469,,0.186666666,,
1730822294454,0.0,,,,
1730822294461,0.185,,,
1730822294462,,,0.19,
1730822294469,,0.193333333,,
1730822295454,0.001666666,,,,
1730822295461,0.183333333,,,
1730822295462,,,0.183333333,
1730822295469,,0.186666666,,
1730822296454,0.0,,,,
1730822296461,0.185,,,
1730822296462,,,0.188333333,
1730822296469,,0.208333333,,
1730822297454,0.0,,,,
1730822297461,0.181666666,,,
1730822297462,,,0.193333333,
1730822297469,,0.178333333,,
1730822298454,0.0,,,,
1730822298461,0.183333333,,,
1730822298462,,,0.188333333,
1730822298469,,0.19,,
1730822299454,0.0,,,,
1730822299461,0.175,,,
1730822299462,,,0.186666666,
1730822299469,,0.195,,
1730822300454,0.0,,,,
1730822300461,0.191666666,,,
1730822300462,,,0.2,
1730822300469,,0.186666666,,
1730822301454,0.0,,,,
1730822301461,0.186666666,,,
1730822301462,,,0.188333333,
1730822301469,,0.191666666,,
1730822302454,0.001666666,,,,
1730822302461,0.18,,,
1730822302462,,,0.188333333,
1730822302469,,0.193333333,,
1730822303454,0.0,,,,
1730822303461,0.181666666,,,
1730822303462,,,0.185,
1730822303469,,0.203333333,,
1730822304454,0.0,,,,
1730822304461,0.19,,,
1730822304462,,,0.183333333,
1730822304469,,0.188333333,,
1730822305454,0.0,,,,
1730822305461,0.185,,,
1730822305462,,,0.188333333,
1730822305469,,0.193333333,,
1730822306454,0.0,,,,
1730822306461,0.195,,,
1730822306462,,,0.205,
1730822306469,,0.185,,
1730822307454,0.001666666,,,,
1730822307461,0.196666666,,,
1730822307462,,,0.188333333,
1730822307469,,0.188333333,,
1730822308454,0.001666666,,,,
1730822308461,0.191666666,,,
1730822308462,,,0.201666666,
1730822308469,,0.195,,
1730822309454,0.0,,,,
1730822309461,0.188333333,,,
1730822309462,,,0.191666666,
1730822309469,,0.201666666,,
1730822310454,0.0,,,,
1730822310461,0.181666666,,,
1730822310462,,,0.181666666,
1730822310469,,0.191666666,,
1730822311454,0.0,,,,
1730822311461,0.178333333,,,
1730822311462,,,0.191666666,
1730822311469,,0.186666666,,
1730822312454,0.0,,,,
1730822312461,0.183333333,,,
1730822312462,,,0.193333333,
1730822312469,,0.19,,
1730822313454,0.0,,,,
1730822313461,0.18,,,
1730822313462,,,0.19,
1730822313469,,0.191666666,,
1730822314454,0.0,,,,
1730822314461,0.19,,,
1730822314462,,,0.193333333,
1730822314469,,0.196666666,,
1730822315454,0.001666666,,,,
1730822315461,0.203333333,,,
1730822315462,,,0.195,
1730822315469,,0.191666666,,
1730822316454,0.0,,,,
1730822316461,0.193333333,,,
1730822316462,,,0.19,
1730822316469,,0.211666666,,
1730822317455,0.0,,,,
1730822317461,0.186666666,,,
1730822317462,,,0.178333333,
1730822317469,,0.19,,
1730822318454,0.0,,,,
1730822318461,0.188333333,,,
1730822318462,,,0.195,
1730822318469,,0.186666666,,
1730822319454,0.0,,,,
1730822319461,0.185,,,
1730822319462,,,0.176666666,
1730822319469,,0.188333333,,
1730822320455,0.0,,,,
1730822320461,0.183333333,,,
1730822320462,,,0.193333333,
1730822320469,,0.19,,
1730822321454,0.0,,,,
1730822321461,0.18,,,
1730822321462,,,0.196666666,
1730822321469,,0.193333333,,
1730822322454,0.001666666,,,,
1730822322461,0.183333333,,,
1730822322462,,,0.195,
1730822322469,,0.2064602057942058,,
1730822323454,0.001666666,,,,
1730822323461,0.208333333,,,
1730822323462,,,0.198333333,
1730822323469,,0.18852185485485484,,
1730822324454,0.0,,,,
1730822324461,0.2,,,
1730822324462,,,0.191666666,
1730822324469,,0.19,,
1730822325454,0.0,,,,
1730822325461,0.196666666,,,
1730822325462,,,0.19,
1730822325469,,0.195,,
1730822326454,0.0,,,,
1730822326461,0.18,,,
1730822326462,,,0.185,
1730822326469,,0.21,,
1730822327455,0.0,,,,
1730822327461,0.188333333,,,
1730822327462,,,0.195,
1730822327469,,0.193333333,,
1730822328455,0.0,,,,
1730822328461,0.186666666,,,
1730822328462,,,0.185,
1730822328469,,0.205,,
1730822329454,0.0,,,,
1730822329461,0.188333333,,,
1730822329462,,,0.181666666,
1730822329469,,0.188333333,,
1730822330454,0.0,,,,
1730822330461,0.195,,,
1730822330462,,,0.18,
1730822330469,,0.19147519080919082,,
1730822331454,0.0,,,,
1730822331461,0.193333333,,,
1730822331462,,,0.186666666,
1730822331469,,0.203333333,,
1730822332454,0.001666666,,,,
1730822332461,0.193333333,,,
1730822332462,,,0.196666666,
1730822332469,,0.19352685985985987,,
1730822333454,0.0,,,,
1730822333461,0.183333333,,,
1730822333462,,,0.193333333,
1730822333469,,0.19,,
1730822334455,0.0,,,,
1730822334461,0.176666666,,,
1730822334462,,,0.185,
1730822334469,,0.2064602057942058,,
1730822335454,0.0,,,,
1730822335461,0.178333333,,,
1730822335462,,,0.186666666,
1730822335469,,0.20186853453453454,,
1730822336455,0.001666666,,,,
1730822336461,0.185,,,
1730822336462,,,0.19,
1730822336469,,0.191666666,,
1730822337454,0.0,,,,
1730822337461,0.188333333,,,
1730822337462,,,0.196666666,
1730822337469,,0.176666666,,
1730822338455,0.0,,,,
1730822338461,0.176666666,,,
1730822338462,,,0.205,
1730822338469,,0.196666666,,
1730822339454,0.001666666,,,,
1730822339461,0.183333333,,,
1730822339462,,,0.186666666,
1730822339469,,0.191666666,,
1730822340454,0.0,,,,
1730822340461,0.186666666,,,
1730822340462,,,0.183333333,
1730822340469,,0.203333333,,
1730822341454,0.0,,,,
1730822341461,0.185,,,
1730822341462,,,0.193333333,
1730822341469,,0.186666666,,
1730822342455,0.0,,,,
1730822342461,0.19,,,
1730822342462,,,0.186666666,
1730822342469,,0.193333333,,
1730822343455,0.0,,,,
1730822343461,0.2,,,
1730822343462,,,0.195,
1730822343469,,0.19,,
1730822344454,0.0,,,,
1730822344461,0.195,,,
1730822344462,,,0.185,
1730822344469,,0.185,,
1730822345455,0.003333333,,,,
1730822345461,0.183333333,,,
1730822345462,,,0.2,
1730822345469,,0.183333333,,
1730822346454,0.0,,,,
1730822346461,0.19,,,
1730822346462,,,0.19,
1730822346469,,0.19,,
1730822347454,0.0,,,,
1730822347461,0.195,,,
1730822347462,,,0.195,
1730822347469,,0.195,,
1730822348454,0.0,,,,
1730822348461,0.195,,,
1730822348462,,,0.195,
1730822348469,,0.198333333,,
1730822349454,0.0,,,,
1730822349461,0.183333333,,,
1730822349462,,,0.188333333,
1730822349469,,0.21,,
1730822350454,0.001666666,,,,
1730822350461,0.198333333,,,
1730822350462,,,0.196666666,
1730822350469,,0.195,,
1730822351455,0.0,,,,
1730822351461,0.191666666,,,
1730822351462,,,0.193333333,
1730822351469,,0.185,,
1730822352455,0.0,,,,
1730822352461,0.181666666,,,
1730822352462,,,0.206666666,
1730822352469,,0.193333333,,
1730822353454,0.001666666,,,,
1730822353461,0.188333333,,,
1730822353462,,,0.196666666,
1730822353469,,0.201666666,,
1730822354454,0.0,,,,
1730822354461,0.181666666,,,
1730822354462,,,0.195,
1730822354469,,0.193333333,,
1730822355455,0.0,,,,
1730822355461,0.191666666,,,
1730822355462,,,0.188333333,
1730822355469,,0.201666666,,
1730822356454,0.0,,,,
1730822356461,0.185,,,
1730822356462,,,0.198333333,
1730822356469,,0.19,,
1730822357454,0.0,,,,
1730822357461,0.188333333,,,
1730822357462,,,0.188333333,
1730822357469,,0.213333333,,
1730822358454,0.0,,,,
1730822358461,0.201666666,,,
1730822358462,,,0.181666666,
1730822358469,,0.195,,
1730822359454,0.001666666,,,,
1730822359461,0.19,,,
1730822359462,,,0.203333333,
1730822359469,,0.196666666,,
1730822360454,0.0,,,,
1730822360461,0.173333333,,,
1730822360462,,,0.191666666,
1730822360469,,0.183333333,,
1730822361454,0.0,,,,
1730822361461,0.19,,,
1730822361462,,,0.183333333,
1730822361469,,0.206666666,,
1730822362454,0.0,,,,
1730822362461,0.195,,,
1730822362462,,,0.196666666,
1730822362469,,0.191666666,,
1730822363454,0.0,,,,
1730822363461,0.185,,,
1730822363462,,,0.195,
1730822363469,,0.19,,
1730822364454,0.0,,,,
1730822364461,0.181666666,,,
1730822364462,,,0.191666666,
1730822364469,,0.183333333,,
1730822365454,0.001666666,,,,
1730822365461,0.196666666,,,
1730822365462,,,0.18,
1730822365469,,0.181666666,,
1730822366454,0.0,,,,
1730822366461,0.188333333,,,
1730822366462,,,0.191666666,
1730822366469,,0.188333333,,
1730822367454,0.0,,,,
1730822367461,0.183333333,,,
1730822367462,,,0.183333333,
1730822367469,,0.186666666,,
1730822368454,0.0,,,,
1730822368461,0.193333333,,,
1730822368462,,,0.178333333,
1730822368469,,0.181666666,,
1730822369454,0.0,,,,
1730822369461,0.181666666,,,
1730822369462,,,0.183333333,
1730822369469,,0.183333333,,
1730822370454,0.001666666,,,,
1730822370461,0.178333333,,,
1730822370462,,,0.183333333,
1730822370469,,0.181666666,,
1730822371454,0.0,,,,
1730822371461,0.181666666,,,
1730822371462,,,0.188333333,
1730822371469,,0.19,,
1730822372454,0.001666666,,,,
1730822372461,0.191666666,,,
1730822372462,,,0.178333333,
1730822372469,,0.188333333,,
1730822373454,0.0,,,,
1730822373461,0.176666666,,,
1730822373462,,,0.2,
1730822373469,,0.201666666,,
1730822374454,0.0,,,,
1730822374461,0.183333333,,,
1730822374462,,,0.183333333,
1730822374469,,0.191666666,,
1730822375455,0.0,,,,
1730822375461,0.173333333,,,
1730822375462,,,0.193333333,
1730822375469,,0.203333333,,
1730822376455,0.0,,,,
1730822376461,0.188333333,,,
1730822376462,,,0.183333333,
1730822376469,,0.193333333,,
1730822377454,0.0,,,,
1730822377461,0.19,,,
1730822377462,,,0.186666666,
1730822377469,,0.193333333,,
1730822378454,0.001666666,,,,
1730822378461,0.18,,,
1730822378462,,,0.185,
1730822378470,,0.19147519080919082,,
1730822379454,0.0,,,,
1730822379461,0.201666666,,,
1730822379462,,,0.185,
1730822379469,,0.19019019019019018,,
1730822380454,0.0,,,,
1730822380461,0.171666666,,,
1730822380462,,,0.203333333,
1730822380469,,0.19,,
1730822381454,0.0,,,,
1730822381461,0.183333333,,,
1730822381462,,,0.193333333,
1730822381469,,0.196666666,,
1730822382454,0.0,,,,
1730822382461,0.195,,,
1730822382462,,,0.191666666,
1730822382469,,0.1881451878121878,,
1730822383454,0.001666666,,,,
1730822383461,0.193333333,,,
1730822383464,,,0.1794616151545364,
1730822383469,,0.19352685985985987,,
1730822384454,0.0,,,,
1730822384461,0.186666666,,,
1730822384462,,,0.1889000330992979,
1730822384469,,0.195,,
1730822385455,0.003333333,,,,
1730822385461,0.176666666,,,
1730822385462,,,0.178333333,
1730822385469,,0.203333333,,
1730822386455,0.0,,,,
1730822386461,0.201666666,,,
1730822386462,,,0.195,
1730822386469,,0.191666666,,
1730822387455,0.0,,,,
1730822387461,0.178333333,,,
1730822387462,,,0.205,
1730822387469,,0.193333333,,
1730822388454,0.0,,,,
1730822388461,0.185,,,
1730822388462,,,0.178333333,
1730822388469,,0.203333333,,
1730822389454,0.0,,,,
1730822389461,0.183333333,,,
1730822389462,,,0.185,
1730822389469,,0.208333333,,
1730822390454,0.001666666,,,,
1730822390461,0.185,,,
1730822390462,,,0.186666666,
1730822390469,,0.203333333,,
1730822391454,0.0,,,,
1730822391461,0.186666666,,,
1730822391462,,,0.203333333,
1730822391469,,0.196666666,,
1730822392454,0.0,,,,
1730822392461,0.191666666,,,
1730822392462,,,0.193333333,
1730822392469,,0.183333333,,
1730822393454,0.0,,,,
1730822393461,0.19,,,
1730822393462,,,0.203333333,
1730822393469,,0.191666666,,
1730822394454,0.0,,,,
1730822394461,0.195,,,
1730822394462,,,0.191666666,
1730822394469,,0.193333333,,
1730822395454,0.0,,,,
1730822395461,0.191666666,,,
1730822395462,,,0.201666666,
1730822395469,,0.19,,
1730822396454,0.0,,,,
1730822396461,0.193333333,,,
1730822396462,,,0.186666666,
1730822396469,,0.2,,
1730822397454,0.003333333,,,,
1730822397461,0.19,,,
1730822397462,,,0.19,
1730822397469,,0.211666666,,
1730822398454,0.0,,,,
1730822398461,0.191666666,,,
1730822398462,,,0.2,
1730822398469,,0.195,,
1730822399454,0.0,,,,
1730822399461,0.203333333,,,
1730822399462,,,0.198333333,
1730822399469,,0.186666666,,
1730822400454,0.001666666,,,,
1730822400461,0.191666666,,,
1730822400462,,,0.21,
1730822400469,,0.19,,
1730822401454,0.0,,,,
1730822401461,0.2,,,
1730822401462,,,0.193333333,
1730822401469,,0.195,,
1730822402454,0.0,,,,
1730822402461,0.196666666,,,
1730822402462,,,0.193333333,
1730822402469,,0.206666666,,
1730822403454,0.0,,,,
1730822403461,0.196666666,,,
1730822403462,,,0.191666666,
1730822403469,,0.198333333,,
1730822404454,0.008333333,,,,
1730822404461,0.193333333,,,
1730822404462,,,0.185,
1730822404469,,0.203333333,,
1730822405454,0.0,,,,
1730822405461,0.193333333,,,
1730822405462,,,0.186666666,
1730822405469,,0.218333333,,
1730822406454,0.0,,,,
1730822406461,0.201666666,,,
1730822406462,,,0.201666666,
1730822406469,,0.183333333,,
1730822407454,0.0,,,,
1730822407461,0.198333333,,,
1730822407462,,,0.195,
1730822407469,,0.201666666,,
1730822408455,0.001666666,,,,
1730822408461,0.196666666,,,
1730822408462,,,0.2,
1730822408469,,0.205,,
1730822409454,0.0,,,,
1730822409461,0.2,,,
1730822409462,,,0.175,
1730822409469,,0.211666666,,
1730822410455,0.0,,,,
1730822410461,0.2,,,
1730822410462,,,0.19,
1730822410469,,0.198333333,,
1730822411454,0.0,,,,
1730822411461,0.195,,,
1730822411462,,,0.198333333,
1730822411469,,0.201666666,,
1730822412455,0.0,,,,
1730822412461,0.203333333,,,
1730822412463,,,0.2012641377245509,
1730822412469,,0.201666666,,
1730822413455,0.005,,,,
1730822413461,0.195,,,
1730822413462,,,0.20353686986986988,
1730822413469,,0.2131202127872128,,
1730822414454,0.0,,,,
1730822414461,0.196666666,,,
1730822414462,,,0.1818485145145145,
1730822414469,,0.2002002002002002,,
1730822415454,0.0,,,,
1730822415461,0.186666666,,,
1730822415462,,,0.2,
1730822415469,,0.2,,
1730822416455,0.001666666,,,,
1730822416461,0.21,,,
1730822416462,,,0.208333333,
1730822416469,,0.22,,
1730822417454,0.0,,,,
1730822417461,0.198333333,,,
1730822417462,,,0.193333333,
1730822417469,,0.205,,
1730822418454,0.0,,,,
1730822418461,0.216666666,,,
1730822418462,,,0.188333333,
1730822418469,,0.181666666,,
1730822419454,0.0,,,,
1730822419461,0.191666666,,,
1730822419462,,,0.215,
1730822419469,,0.201666666,,
1730822420455,0.0,,,,
1730822420461,0.195,,,
1730822420462,,,0.195,
1730822420469,,0.201666666,,
1730822421454,0.001666666,,,,
1730822421461,0.196666666,,,
1730822421462,,,0.188333333,
1730822421469,,0.21478521478521478,,
1730822422176,0,,0,
1730822422178,,0,,
1730822422182,0,