Timestamp,Slave 0,Slave 1,Slave 2,
1716356005288,0,,,,
1716356005300,0,,,
1716356005323,,0,,
1716356005326,149,,,
1716356005334,,,0,
1716356005344,53,,,,
1716356005451,,,149,
1716356005469,,149,,
1716356006290,53,,,,
1716356006307,149,,,
1716356006324,,149,,
1716356006335,,,149,
1716356007290,53,,,,
1716356007301,149,,,
1716356007325,,149,,
1716356007336,,,149,
1716356008300,53,,,,
1716356008302,149,,,
1716356008326,,149,,
1716356008337,,,149,
1716356009290,53,,,,
1716356009301,149,,,
1716356009324,,149,,
1716356009335,,,149,
1716356010291,53,,,,
1716356010301,149,,,
1716356010329,,149,,
1716356010335,,,149,
1716356011291,53,,,,
1716356011301,149,,,
1716356011325,,149,,
1716356011345,,,149,
1716356012294,53,,,,
1716356012308,149,,,
1716356012328,,149,,
1716356012337,,,149,
1716356013290,53,,,,
1716356013301,149,,,
1716356013325,,149,,
1716356013335,,,149,
1716356014289,53,,,,
1716356014301,149,,,
1716356014324,,149,,
1716356014335,,,149,
1716356015290,53,,,,
1716356015301,149,,,
1716356015326,,149,,
1716356015336,,,149,
1716356016290,53,,,,
1716356016301,149,,,
1716356016324,,149,,
1716356016336,,,149,
1716356017291,53,,,,
1716356017301,149,,,
1716356017324,,149,,
1716356017336,,,149,
1716356018290,53,,,,
1716356018302,149,,,
1716356018335,,,149,
1716356018380,,149,,
1716356019290,53,,,,
1716356019301,149,,,
1716356019324,,149,,
1716356019335,,,149,
1716356020301,53,,,,
1716356020312,149,,,
1716356020326,,149,,
1716356020339,,,149,
1716356021290,53,,,,
1716356021301,149,,,
1716356021324,,149,,
1716356021335,,,149,
1716356022289,53,,,,
1716356022301,149,,,
1716356022326,,149,,
1716356022335,,,149,
1716356023289,53,,,,
1716356023301,149,,,
1716356023324,,149,,
1716356023335,,,149,
1716356024289,53,,,,
1716356024304,149,,,
1716356024324,,149,,
1716356024335,,,149,
1716356025289,53,,,,
1716356025302,149,,,
1716356025324,,149,,
1716356025335,,,149,
1716356026290,53,,,,
1716356026314,149,,,
1716356026324,,149,,
1716356026335,,,149,
1716356027289,53,,,,
1716356027301,149,,,
1716356027324,,149,,
1716356027335,,,149,
1716356028289,53,,,,
1716356028301,149,,,
1716356028324,,149,,
1716356028335,,,149,
1716356029289,53,,,,
1716356029301,149,,,
1716356029324,,149,,
1716356029335,,,149,
1716356030290,53,,,,
1716356030301,149,,,
1716356030324,,149,,
1716356030335,,,149,
1716356031289,53,,,,
1716356031301,149,,,
1716356031324,,149,,
1716356031335,,,149,
1716356032290,53,,,,
1716356032302,149,,,
1716356032324,,149,,
1716356032335,,,149,
1716356033290,53,,,,
1716356033301,149,,,
1716356033324,,149,,
1716356033335,,,149,
1716356034290,53,,,,
1716356034301,149,,,
1716356034324,,149,,
1716356034336,,,149,
1716356035289,54,,,,
1716356035301,149,,,
1716356035324,,149,,
1716356035335,,,149,
1716356036290,53,,,,
1716356036301,149,,,
1716356036324,,149,,
1716356036335,,,149,
1716356037289,53,,,,
1716356037301,149,,,
1716356037324,,149,,
1716356037335,,,149,
1716356038289,53,,,,
1716356038302,149,,,
1716356038325,,149,,
1716356038335,,,149,
1716356039289,53,,,,
1716356039301,149,,,
1716356039324,,149,,
1716356039336,,,149,
1716356040289,53,,,,
1716356040301,149,,,
1716356040324,,149,,
1716356040335,,,149,
1716356041289,53,,,,
1716356041301,149,,,
1716356041324,,149,,
1716356041335,,,149,
1716356042289,53,,,,
1716356042301,149,,,
1716356042324,,149,,
1716356042335,,,149,
1716356043289,53,,,,
1716356043301,149,,,
1716356043324,,149,,
1716356043335,,,149,
1716356044289,53,,,,
1716356044301,149,,,
1716356044324,,149,,
1716356044335,,,149,
1716356045289,53,,,,
1716356045301,149,,,
1716356045324,,149,,
1716356045335,,,149,
1716356046289,53,,,,
1716356046301,149,,,
1716356046324,,149,,
1716356046335,,,149,
1716356047289,53,,,,
1716356047301,149,,,
1716356047324,,149,,
1716356047335,,,149,
1716356048289,53,,,,
1716356048301,149,,,
1716356048324,,149,,
1716356048335,,,149,
1716356049289,53,,,,
1716356049301,150,,,
1716356049324,,149,,
1716356049335,,,149,
1716356050289,53,,,,
1716356050301,149,,,
1716356050324,,149,,
1716356050335,,,149,
1716356051289,54,,,,
1716356051301,149,,,
1716356051323,,149,,
1716356051335,,,149,
1716356052289,53,,,,
1716356052301,149,,,
1716356052324,,149,,
1716356052335,,,149,
1716356053291,53,,,,
1716356053303,149,,,
1716356053324,,149,,
1716356053335,,,149,
1716356054289,53,,,,
1716356054303,149,,,
1716356054324,,149,,
1716356054335,,,149,
1716356055331,,149,,
1716356055332,149,,,
1716356055335,,,149,
1716356055336,53,,,,
1716356056289,53,,,,
1716356056301,149,,,
1716356056324,,149,,
1716356056335,,,149,
1716356057289,53,,,,
1716356057301,149,,,
1716356057323,,149,,
1716356057335,,,149,
1716356058289,53,,,,
1716356058338,,,149,
1716356058341,,149,,
1716356058415,149,,,
1716356059289,53,,,,
1716356059301,149,,,
1716356059324,,149,,
1716356059336,,,149,
1716356060289,53,,,,
1716356060301,149,,,
1716356060324,,149,,
1716356060335,,,149,
1716356061289,53,,,,
1716356061301,149,,,
1716356061325,,149,,
1716356061335,,,149,
1716356062289,53,,,,
1716356062301,149,,,
1716356062324,,149,,
1716356062335,,,149,
1716356063289,53,,,,
1716356063301,149,,,
1716356063324,,149,,
1716356063335,,,149,
1716356064289,53,,,,
1716356064301,149,,,
1716356064324,,149,,
1716356064336,,,149,
1716356065289,53,,,,
1716356065301,149,,,
1716356065323,,149,,
1716356065335,,,149,
1716356066289,53,,,,
1716356066301,149,,,
1716356066323,,149,,
1716356066335,,,149,
1716356067289,53,,,,
1716356067301,149,,,
1716356067324,,149,,
1716356067335,,,149,
1716356068289,53,,,,
1716356068301,149,,,
1716356068324,,149,,
1716356068335,,,149,
1716356069289,53,,,,
1716356069301,149,,,
1716356069324,,149,,
1716356069335,,,149,
1716356070289,53,,,,
1716356070301,149,,,
1716356070324,,149,,
1716356070335,,,149,
1716356071289,53,,,,
1716356071301,149,,,
1716356071324,,149,,
1716356071335,,,149,
1716356072289,53,,,,
1716356072301,149,,,
1716356072324,,149,,
1716356072335,,,149,
1716356073289,53,,,,
1716356073301,149,,,
1716356073324,,149,,
1716356073335,,,149,
1716356074289,53,,,,
1716356074301,149,,,
1716356074324,,149,,
1716356074335,,,149,
1716356075289,53,,,,
1716356075301,149,,,
1716356075324,,149,,
1716356075335,,,149,
1716356076289,53,,,,
1716356076301,149,,,
1716356076324,,149,,
1716356076335,,,149,
1716356077289,53,,,,
1716356077301,149,,,
1716356077324,,149,,
1716356077335,,,149,
1716356078289,53,,,,
1716356078301,149,,,
1716356078324,,149,,
1716356078335,,,149,
1716356079289,53,,,,
1716356079301,149,,,
1716356079324,,149,,
1716356079336,,,149,
1716356080289,53,,,,
1716356080301,149,,,
1716356080324,,149,,
1716356080335,,,149,
1716356081289,53,,,,
1716356081301,149,,,
1716356081324,,149,,
1716356081335,,,149,
1716356082289,53,,,,
1716356082301,149,,,
1716356082324,,149,,
1716356082335,,,149,
1716356083289,53,,,,
1716356083301,149,,,
1716356083324,,149,,
1716356083335,,,149,
1716356084289,53,,,,
1716356084301,149,,,
1716356084323,,149,,
1716356084335,,,149,
1716356085289,53,,,,
1716356085301,149,,,
1716356085323,,149,,
1716356085335,,,149,
1716356086289,53,,,,
1716356086301,149,,,
1716356086324,,149,,
1716356086334,,,149,
1716356087289,53,,,,
1716356087301,149,,,
1716356087324,,149,,
1716356087335,,,149,
1716356088289,53,,,,
1716356088301,149,,,
1716356088324,,149,,
1716356088335,,,149,
1716356089289,53,,,,
1716356089301,149,,,
1716356089324,,149,,
1716356089335,,,149,
1716356090289,53,,,,
1716356090302,149,,,
1716356090324,,149,,
1716356090335,,,149,
1716356091289,53,,,,
1716356091301,149,,,
1716356091324,,149,,
1716356091335,,,149,
1716356092289,53,,,,
1716356092301,149,,,
1716356092324,,149,,
1716356092335,,,149,
1716356093289,53,,,,
1716356093301,149,,,
1716356093324,,149,,
1716356093338,,,149,
1716356094289,53,,,,
1716356094301,149,,,
1716356094324,,149,,
1716356094335,,,149,
1716356095289,53,,,,
1716356095301,149,,,
1716356095323,,149,,
1716356095334,,,149,
1716356096289,53,,,,
1716356096301,149,,,
1716356096323,,149,,
1716356096335,,,149,
1716356097289,53,,,,
1716356097301,149,,,
1716356097323,,149,,
1716356097335,,,149,
1716356098289,53,,,,
1716356098302,149,,,
1716356098324,,149,,
1716356098335,,,149,
1716356099289,53,,,,
1716356099301,149,,,
1716356099323,,149,,
1716356099334,,,149,
1716356100289,53,,,,
1716356100301,149,,,
1716356100324,,149,,
1716356100335,,,149,
1716356101289,53,,,,
1716356101301,149,,,
1716356101324,,149,,
1716356101335,,,149,
1716356102289,53,,,,
1716356102301,149,,,
1716356102323,,149,,
1716356102335,,,149,
1716356103290,53,,,,
1716356103301,149,,,
1716356103324,,149,,
1716356103335,,,149,
1716356104289,53,,,,
1716356104301,149,,,
1716356104323,,149,,
1716356104335,,,149,
1716356105289,53,,,,
1716356105301,149,,,
1716356105323,,149,,
1716356105335,,,149,
1716356106289,53,,,,
1716356106301,149,,,
1716356106323,,149,,
1716356106335,,,149,
1716356107289,53,,,,
1716356107301,149,,,
1716356107323,,149,,
1716356107335,,,149,
1716356108289,53,,,,
1716356108301,149,,,
1716356108323,,149,,
1716356108334,,,149,
1716356109289,53,,,,
1716356109301,150,,,
1716356109323,,149,,
1716356109335,,,149,
1716356110289,53,,,,
1716356110301,149,,,
1716356110323,,149,,
1716356110335,,,149,
1716356111289,53,,,,
1716356111301,149,,,
1716356111324,,149,,
1716356111334,,,149,
1716356112289,53,,,,
1716356112301,149,,,
1716356112323,,149,,
1716356112334,,,149,
1716356113289,53,,,,
1716356113301,149,,,
1716356113324,,149,,
1716356113335,,,149,
1716356114289,53,,,,
1716356114301,149,,,
1716356114323,,149,,
1716356114335,,,149,
1716356115289,53,,,,
1716356115301,149,,,
1716356115324,,149,,
1716356115335,,,149,
1716356116289,53,,,,
1716356116301,149,,,
1716356116324,,149,,
1716356116335,,,149,
1716356117289,53,,,,
1716356117301,149,,,
1716356117324,,149,,
1716356117335,,,149,
1716356118289,53,,,,
1716356118301,149,,,
1716356118323,,149,,
1716356118335,,,149,
1716356119290,53,,,,
1716356119301,149,,,
1716356119323,,149,,
1716356119335,,,149,
1716356120289,53,,,,
1716356120301,149,,,
1716356120323,,149,,
1716356120335,,,149,
1716356121289,53,,,,
1716356121301,149,,,
1716356121323,,149,,
1716356121334,,,149,
1716356122289,53,,,,
1716356122301,149,,,
1716356122323,,149,,
1716356122335,,,149,
1716356123289,53,,,,
1716356123301,149,,,
1716356123323,,149,,
1716356123334,,,149,
1716356124289,53,,,,
1716356124301,149,,,
1716356124324,,149,,
1716356124334,,,149,
1716356125289,53,,,,
1716356125301,149,,,
1716356125323,,149,,
1716356125334,,,149,
1716356126289,53,,,,
1716356126301,149,,,
1716356126324,,149,,
1716356126334,,,149,
1716356127289,53,,,,
1716356127301,149,,,
1716356127323,,149,,
1716356127335,,,149,
1716356128289,53,,,,
1716356128301,149,,,
1716356128324,,149,,
1716356128335,,,149,
1716356129289,53,,,,
1716356129301,149,,,
1716356129323,,149,,
1716356129334,,,149,
1716356130289,53,,,,
1716356130301,149,,,
1716356130324,,149,,
1716356130334,,,149,
1716356131289,53,,,,
1716356131301,149,,,
1716356131323,,149,,
1716356131335,,,149,
1716356132289,53,,,,
1716356132301,149,,,
1716356132324,,149,,
1716356132335,,,149,
1716356133289,53,,,,
1716356133301,149,,,
1716356133323,,149,,
1716356133335,,,149,
1716356134289,53,,,,
1716356134301,149,,,
1716356134323,,149,,
1716356134334,,,149,
1716356135289,53,,,,
1716356135301,149,,,
1716356135323,,149,,
1716356135335,,,149,
1716356136289,53,,,,
1716356136301,149,,,
1716356136323,,149,,
1716356136334,,,149,
1716356137289,53,,,,
1716356137301,149,,,
1716356137323,,149,,
1716356137334,,,149,
1716356138289,53,,,,
1716356138301,149,,,
1716356138323,,149,,
1716356138335,,,149,
1716356139289,53,,,,
1716356139301,149,,,
1716356139323,,149,,
1716356139334,,,149,
1716356140289,53,,,,
1716356140301,149,,,
1716356140324,,149,,
1716356140335,,,149,
1716356141289,53,,,,
1716356141301,149,,,
1716356141324,,149,,
1716356141335,,,149,
1716356142289,53,,,,
1716356142301,149,,,
1716356142323,,149,,
1716356142334,,,149,
1716356143289,53,,,,
1716356143301,149,,,
1716356143324,,149,,
1716356143334,,,149,
1716356144289,53,,,,
1716356144301,149,,,
1716356144323,,149,,
1716356144334,,,149,
1716356145289,53,,,,
1716356145301,149,,,
1716356145324,,149,,
1716356145334,,,149,
1716356146289,53,,,,
1716356146301,149,,,
1716356146323,,149,,
1716356146334,,,149,
1716356147289,53,,,,
1716356147301,149,,,
1716356147323,,149,,
1716356147334,,,149,
1716356148289,53,,,,
1716356148301,149,,,
1716356148323,,149,,
1716356148334,,,149,
1716356149289,53,,,,
1716356149301,149,,,
1716356149323,,149,,
1716356149334,,,149,
1716356150289,53,,,,
1716356150301,149,,,
1716356150323,,149,,
1716356150334,,,149,
1716356151289,53,,,,
1716356151301,149,,,
1716356151324,,149,,
1716356151334,,,149,
1716356152289,53,,,,
1716356152301,149,,,
1716356152324,,149,,
1716356152335,,,149,
1716356153289,53,,,,
1716356153301,149,,,
1716356153323,,149,,
1716356153335,,,149,
1716356154289,53,,,,
1716356154301,149,,,
1716356154323,,149,,
1716356154335,,,149,
1716356155289,53,,,,
1716356155301,149,,,
1716356155323,,149,,
1716356155335,,,149,
1716356156289,53,,,,
1716356156301,149,,,
1716356156323,,149,,
1716356156334,,,149,
1716356157289,53,,,,
1716356157301,149,,,
1716356157323,,149,,
1716356157335,,,149,
1716356158289,53,,,,
1716356158301,149,,,
1716356158323,,149,,
1716356158335,,,149,
1716356159289,53,,,,
1716356159301,149,,,
1716356159324,,149,,
1716356159335,,,149,
1716356160289,53,,,,
1716356160301,149,,,
1716356160324,,149,,
1716356160334,,,149,
1716356161289,53,,,,
1716356161301,149,,,
1716356161324,,149,,
1716356161335,,,149,
1716356162289,53,,,,
1716356162301,149,,,
1716356162323,,149,,
1716356162335,,,149,
1716356163289,53,,,,
1716356163301,149,,,
1716356163323,,149,,
1716356163335,,,149,
1716356164289,53,,,,
1716356164301,149,,,
1716356164324,,149,,
1716356164335,,,149,
1716356165289,53,,,,
1716356165301,149,,,
1716356165323,,149,,
1716356165335,,,149,
1716356166289,53,,,,
1716356166301,149,,,
1716356166323,,149,,
1716356166335,,,149,
1716356167288,53,,,,
1716356167301,149,,,
1716356167323,,149,,
1716356167335,,,149,
1716356168289,53,,,,
1716356168301,149,,,
1716356168323,,149,,
1716356168335,,,149,
1716356169288,53,,,,
1716356169301,149,,,
1716356169323,,149,,
1716356169335,,,149,
1716356170289,53,,,,
1716356170301,149,,,
1716356170324,,149,,
1716356170335,,,149,
1716356171289,53,,,,
1716356171301,149,,,
1716356171323,,149,,
1716356171335,,,149,
1716356172289,53,,,,
1716356172301,149,,,
1716356172323,,149,,
1716356172335,,,149,
1716356173289,53,,,,
1716356173301,149,,,
1716356173324,,149,,
1716356173335,,,149,
1716356174289,53,,,,
1716356174301,149,,,
1716356174323,,149,,
1716356174334,,,149,
1716356175289,53,,,,
1716356175301,149,,,
1716356175324,,149,,
1716356175335,,,149,
1716356176289,53,,,,
1716356176301,149,,,
1716356176325,,149,,
1716356176335,,,149,
1716356177289,53,,,,
1716356177301,149,,,
1716356177324,,149,,
1716356177335,,,149,
1716356178289,53,,,,
1716356178301,149,,,
1716356178324,,149,,
1716356178335,,,149,
1716356179289,53,,,,
1716356179301,149,,,
1716356179324,,149,,
1716356179335,,,149,
1716356180289,53,,,,
1716356180301,149,,,
1716356180324,,149,,
1716356180335,,,149,
1716356181289,53,,,,
1716356181301,149,,,
1716356181323,,149,,
1716356181334,,,149,
1716356182289,53,,,,
1716356182301,149,,,
1716356182323,,149,,
1716356182335,,,149,
1716356183289,53,,,,
1716356183301,149,,,
1716356183324,,149,,
1716356183335,,,149,
1716356184289,53,,,,
1716356184301,149,,,
1716356184323,,149,,
1716356184335,,,149,
1716356185289,53,,,,
1716356185301,149,,,
1716356185323,,149,,
1716356185334,,,149,
1716356186289,53,,,,
1716356186301,149,,,
1716356186323,,149,,
1716356186334,,,149,
1716356187289,53,,,,
1716356187301,149,,,
1716356187323,,149,,
1716356187335,,,149,
1716356188289,53,,,,
1716356188301,149,,,
1716356188324,,149,,
1716356188334,,,149,
1716356189289,53,,,,
1716356189301,149,,,
1716356189324,,149,,
1716356189334,,,149,
1716356190289,53,,,,
1716356190301,149,,,
1716356190323,,149,,
1716356190334,,,149,
1716356191289,53,,,,
1716356191301,149,,,
1716356191324,,149,,
1716356191335,,,149,
1716356192289,53,,,,
1716356192301,149,,,
1716356192323,,149,,
1716356192335,,,149,
1716356193289,53,,,,
1716356193301,149,,,
1716356193324,,149,,
1716356193335,,,149,
1716356194289,53,,,,
1716356194301,149,,,
1716356194323,,149,,
1716356194335,,,149,
1716356195289,53,,,,
1716356195301,149,,,
1716356195323,,149,,
1716356195335,,,149,
1716356196289,53,,,,
1716356196301,149,,,
1716356196324,,149,,
1716356196335,,,149,
1716356197289,53,,,,
1716356197301,149,,,
1716356197323,,149,,
1716356197335,,,149,
1716356198289,53,,,,
1716356198301,149,,,
1716356198323,,149,,
1716356198334,,,149,
1716356199289,53,,,,
1716356199301,149,,,
1716356199324,,149,,
1716356199334,,,149,
1716356200289,53,,,,
1716356200301,149,,,
1716356200323,,149,,
1716356200334,,,149,
1716356201289,53,,,,
1716356201301,149,,,
1716356201323,,149,,
1716356201335,,,149,
1716356202289,53,,,,
1716356202301,149,,,
1716356202323,,149,,
1716356202335,,,149,
1716356203289,53,,,,
1716356203301,149,,,
1716356203323,,149,,
1716356203334,,,149,
1716356204289,53,,,,
1716356204301,149,,,
1716356204324,,149,,
1716356204335,,,149,
1716356205289,53,,,,
1716356205301,149,,,
1716356205323,,149,,
1716356205334,,,149,
1716356206289,53,,,,
1716356206301,149,,,
1716356206323,,149,,
1716356206335,,,149,
1716356207289,53,,,,
1716356207301,149,,,
1716356207323,,149,,
1716356207335,,,149,
1716356208289,53,,,,
1716356208301,149,,,
1716356208323,,149,,
1716356208334,,,149,
1716356209289,53,,,,
1716356209301,149,,,
1716356209323,,149,,
1716356209334,,,149,
1716356210289,53,,,,
1716356210301,149,,,
1716356210323,,149,,
1716356210335,,,149,
1716356211289,53,,,,
1716356211301,150,,,
1716356211324,,149,,
1716356211334,,,149,
1716356212289,53,,,,
1716356212301,149,,,
1716356212323,,149,,
1716356212335,,,149,
1716356213289,53,,,,
1716356213301,149,,,
1716356213323,,149,,
1716356213334,,,149,
1716356214289,53,,,,
1716356214301,149,,,
1716356214323,,149,,
1716356214334,,,149,
1716356215289,53,,,,
1716356215301,149,,,
1716356215323,,149,,
1716356215334,,,149,
1716356216289,53,,,,
1716356216301,149,,,
1716356216323,,149,,
1716356216334,,,149,
1716356217289,53,,,,
1716356217301,149,,,
1716356217323,,149,,
1716356217334,,,149,
1716356218289,53,,,,
1716356218301,149,,,
1716356218323,,149,,
1716356218335,,,149,
1716356219289,53,,,,
1716356219301,149,,,
1716356219324,,149,,
1716356219334,,,149,
1716356220289,53,,,,
1716356220301,149,,,
1716356220324,,149,,
1716356220334,,,149,
1716356221289,53,,,,
1716356221301,149,,,
1716356221324,,149,,
1716356221335,,,149,
1716356222289,53,,,,
1716356222301,149,,,
1716356222324,,149,,
1716356222335,,,149,
1716356223289,53,,,,
1716356223301,149,,,
1716356223323,,149,,
1716356223335,,,149,
1716356224289,53,,,,
1716356224301,149,,,
1716356224323,,149,,
1716356224335,,,149,
1716356225289,53,,,,
1716356225301,149,,,
1716356225323,,149,,
1716356225334,,,149,
1716356226289,53,,,,
1716356226301,149,,,
1716356226323,,149,,
1716356226334,,,149,
1716356227288,53,,,,
1716356227301,149,,,
1716356227324,,149,,
1716356227334,,,149,
1716356228289,53,,,,
1716356228301,149,,,
1716356228324,,149,,
1716356228334,,,149,
1716356229289,53,,,,
1716356229301,149,,,
1716356229324,,149,,
1716356229334,,,149,
1716356230289,53,,,,
1716356230301,149,,,
1716356230323,,149,,
1716356230335,,,149,
1716356231289,53,,,,
1716356231301,149,,,
1716356231324,,149,,
1716356231334,,,149,
1716356232289,53,,,,
1716356232301,149,,,
1716356232324,,149,,
1716356232334,,,149,
1716356233289,53,,,,
1716356233301,149,,,
1716356233323,,149,,
1716356233334,,,149,
1716356234289,53,,,,
1716356234301,149,,,
1716356234323,,149,,
1716356234335,,,149,
1716356235290,53,,,,
1716356235301,149,,,
1716356235324,,149,,
1716356235334,,,149,
1716356236289,53,,,,
1716356236301,149,,,
1716356236323,,149,,
1716356236334,,,149,
1716356237289,53,,,,
1716356237301,149,,,
1716356237323,,149,,
1716356237334,,,149,
1716356238289,53,,,,
1716356238301,149,,,
1716356238323,,149,,
1716356238334,,,149,
1716356239289,53,,,,
1716356239301,149,,,
1716356239323,,149,,
1716356239335,,,149,
1716356240289,53,,,,
1716356240301,149,,,
1716356240323,,149,,
1716356240334,,,149,
1716356241289,53,,,,
1716356241301,149,,,
1716356241326,,149,,
1716356241334,,,149,
1716356242289,53,,,,
1716356242301,149,,,
1716356242323,,149,,
1716356242334,,,149,
1716356243289,53,,,,
1716356243301,149,,,
1716356243324,,149,,
1716356243335,,,149,
1716356244289,53,,,,
1716356244301,149,,,
1716356244323,,149,,
1716356244334,,,149,
1716356245289,53,,,,
1716356245301,149,,,
1716356245323,,149,,
1716356245334,,,149,
1716356246289,53,,,,
1716356246301,149,,,
1716356246323,,149,,
1716356246334,,,149,
1716356247289,53,,,,
1716356247301,149,,,
1716356247323,,149,,
1716356247334,,,149,
1716356248289,53,,,,
1716356248301,149,,,
1716356248323,,149,,
1716356248335,,,149,
1716356249289,53,,,,
1716356249301,149,,,
1716356249323,,149,,
1716356249334,,,149,
1716356250289,53,,,,
1716356250301,149,,,
1716356250323,,149,,
1716356250334,,,149,
1716356251289,53,,,,
1716356251301,149,,,
1716356251323,,149,,
1716356251334,,,149,
1716356252289,53,,,,
1716356252301,149,,,
1716356252323,,149,,
1716356252334,,,149,
1716356253289,53,,,,
1716356253301,149,,,
1716356253323,,149,,
1716356253334,,,149,
1716356254289,53,,,,
1716356254301,149,,,
1716356254324,,149,,
1716356254335,,,149,
1716356255289,53,,,,
1716356255301,149,,,
1716356255323,,149,,
1716356255334,,,149,
1716356256289,53,,,,
1716356256301,149,,,
1716356256324,,149,,
1716356256335,,,149,
1716356257289,53,,,,
1716356257301,149,,,
1716356257323,,149,,
1716356257335,,,149,
1716356258289,53,,,,
1716356258301,149,,,
1716356258323,,149,,
1716356258334,,,149,
1716356259289,53,,,,
1716356259301,149,,,
1716356259323,,149,,
1716356259334,,,149,
1716356260289,53,,,,
1716356260301,149,,,
1716356260323,,149,,
1716356260334,,,149,
1716356261289,53,,,,
1716356261301,149,,,
1716356261323,,149,,
1716356261334,,,149,
1716356262289,53,,,,
1716356262301,149,,,
1716356262323,,149,,
1716356262334,,,149,
1716356263289,53,,,,
1716356263301,149,,,
1716356263323,,149,,
1716356263334,,,149,
1716356264289,53,,,,
1716356264301,149,,,
1716356264323,,149,,
1716356264334,,,149,
1716356265289,53,,,,
1716356265301,149,,,
1716356265323,,149,,
1716356265334,,,149,
1716356266289,53,,,,
1716356266301,149,,,
1716356266323,,149,,
1716356266334,,,149,
1716356267289,53,,,,
1716356267301,149,,,
1716356267324,,149,,
1716356267334,,,149,
1716356268289,53,,,,
1716356268301,149,,,
1716356268323,,149,,
1716356268334,,,149,
1716356269289,53,,,,
1716356269301,149,,,
1716356269324,,149,,
1716356269334,,,149,
1716356270289,53,,,,
1716356270301,149,,,
1716356270323,,149,,
1716356270334,,,149,
1716356271289,53,,,,
1716356271301,149,,,
1716356271323,,149,,
1716356271334,,,149,
1716356272289,53,,,,
1716356272301,149,,,
1716356272323,,149,,
1716356272335,,,149,
1716356273289,53,,,,
1716356273301,149,,,
1716356273323,,149,,
1716356273335,,,149,
1716356274289,53,,,,
1716356274301,149,,,
1716356274323,,149,,
1716356274334,,,149,
1716356275289,53,,,,
1716356275301,149,,,
1716356275324,,149,,
1716356275337,,,149,
1716356276289,53,,,,
1716356276301,149,,,
1716356276323,,149,,
1716356276334,,,149,
1716356277289,53,,,,
1716356277301,149,,,
1716356277325,,149,,
1716356277334,,,149,
1716356278289,53,,,,
1716356278301,149,,,
1716356278323,,149,,
1716356278334,,,149,
1716356279289,53,,,,
1716356279301,149,,,
1716356279323,,149,,
1716356279335,,,149,
1716356280289,53,,,,
1716356280300,149,,,
1716356280324,,149,,
1716356280334,,,149,
1716356281289,53,,,,
1716356281301,149,,,
1716356281323,,149,,
1716356281334,,,149,
1716356282289,53,,,,
1716356282300,149,,,
1716356282323,,149,,
1716356282334,,,149,
1716356283289,53,,,,
1716356283301,149,,,
1716356283324,,149,,
1716356283334,,,149,
1716356284289,53,,,,
1716356284301,149,,,
1716356284323,,149,,
1716356284334,,,149,
1716356285289,53,,,,
1716356285301,149,,,
1716356285323,,149,,
1716356285334,,,149,
1716356286289,53,,,,
1716356286301,149,,,
1716356286323,,149,,
1716356286334,,,149,
1716356287288,53,,,,
1716356287301,149,,,
1716356287323,,149,,
1716356287335,,,149,
1716356288289,53,,,,
1716356288301,149,,,
1716356288324,,149,,
1716356288335,,,149,
1716356289289,53,,,,
1716356289301,149,,,
1716356289323,,149,,
1716356289334,,,149,
1716356290289,53,,,,
1716356290301,149,,,
1716356290323,,149,,
1716356290335,,,149,
1716356291289,53,,,,
1716356291300,149,,,
1716356291324,,149,,
1716356291335,,,149,
1716356292289,53,,,,
1716356292301,149,,,
1716356292323,,149,,
1716356292334,,,149,
1716356293289,53,,,,
1716356293301,149,,,
1716356293323,,149,,
1716356293336,,,149,
1716356294289,53,,,,
1716356294301,149,,,
1716356294323,,149,,
1716356294334,,,149,
1716356295289,53,,,,
1716356295301,149,,,
1716356295323,,149,,
1716356295334,,,149,
1716356296289,53,,,,
1716356296301,149,,,
1716356296323,,149,,
1716356296335,,,149,
1716356297289,53,,,,
1716356297301,149,,,
1716356297323,,149,,
1716356297337,,,149,
1716356298289,53,,,,
1716356298301,149,,,
1716356298323,,149,,
1716356298334,,,149,
1716356299289,53,,,,
1716356299301,149,,,
1716356299323,,149,,
1716356299334,,,149,
1716356300289,53,,,,
1716356300301,149,,,
1716356300323,,149,,
1716356300335,,,149,
1716356301289,53,,,,
1716356301301,149,,,
1716356301324,,149,,
1716356301334,,,149,
1716356302289,53,,,,
1716356302301,149,,,
1716356302323,,149,,
1716356302334,,,149,
1716356303289,53,,,,
1716356303300,149,,,
1716356303323,,149,,
1716356303334,,,149,
1716356304289,53,,,,
1716356304301,149,,,
1716356304323,,149,,
1716356304334,,,149,
1716356305289,53,,,,
1716356305301,149,,,
1716356305323,,149,,
1716356305335,,,149,
1716356306289,53,,,,
1716356306301,149,,,
1716356306323,,149,,
1716356306334,,,149,
1716356307289,53,,,,
1716356307301,149,,,
1716356307323,,149,,
1716356307334,,,149,
1716356308289,53,,,,
1716356308301,149,,,
1716356308323,,149,,
1716356308334,,,149,
1716356309289,53,,,,
1716356309301,149,,,
1716356309323,,149,,
1716356309334,,,149,
1716356310289,53,,,,
1716356310301,149,,,
1716356310323,,149,,
1716356310334,,,149,
1716356311289,53,,,,
1716356311301,149,,,
1716356311323,,149,,
1716356311335,,,149,
1716356312289,53,,,,
1716356312301,149,,,
1716356312324,,149,,
1716356312335,,,149,
1716356313289,53,,,,
1716356313301,149,,,
1716356313323,,149,,
1716356313335,,,149,
1716356314289,53,,,,
1716356314301,149,,,
1716356314323,,149,,
1716356314334,,,149,
1716356315289,53,,,,
1716356315300,149,,,
1716356315323,,149,,
1716356315334,,,149,
1716356316289,53,,,,
1716356316301,149,,,
1716356316323,,149,,
1716356316334,,,149,
1716356317289,53,,,,
1716356317301,149,,,
1716356317324,,149,,
1716356317334,,,149,
1716356318289,53,,,,
1716356318301,149,,,
1716356318323,,149,,
1716356318334,,,149,
1716356319289,53,,,,
1716356319301,149,,,
1716356319323,,149,,
1716356319335,,,149,
1716356320289,53,,,,
1716356320301,149,,,
1716356320323,,149,,
1716356320335,,,149,
1716356321289,53,,,,
1716356321301,149,,,
1716356321323,,149,,
1716356321335,,,149,
1716356322289,53,,,,
1716356322301,149,,,
1716356322323,,149,,
1716356322334,,,149,
1716356323289,53,,,,
1716356323301,149,,,
1716356323323,,149,,
1716356323334,,,149,
1716356324289,53,,,,
1716356324301,149,,,
1716356324323,,149,,
1716356324334,,,149,
1716356325289,53,,,,
1716356325301,149,,,
1716356325323,,149,,
1716356325335,,,149,
1716356326289,53,,,,
1716356326301,150,,,
1716356326324,,149,,
1716356326334,,,149,
1716356327289,53,,,,
1716356327301,149,,,
1716356327324,,149,,
1716356327334,,,149,
1716356328288,53,,,,
1716356328301,149,,,
1716356328324,,149,,
1716356328335,,,149,
1716356329289,53,,,,
1716356329301,149,,,
1716356329323,,149,,
1716356329335,,,149,
1716356330289,53,,,,
1716356330301,149,,,
1716356330323,,149,,
1716356330335,,,149,
1716356331289,53,,,,
1716356331301,149,,,
1716356331323,,149,,
1716356331335,,,149,
1716356332289,53,,,,
1716356332301,149,,,
1716356332323,,149,,
1716356332334,,,149,
1716356333289,53,,,,
1716356333301,149,,,
1716356333323,,149,,
1716356333335,,,149,
1716356334289,53,,,,
1716356334301,149,,,
1716356334323,,149,,
1716356334334,,,149,
1716356335289,53,,,,
1716356335301,149,,,
1716356335323,,149,,
1716356335334,,,149,
1716356336289,53,,,,
1716356336301,149,,,
1716356336323,,149,,
1716356336335,,,149,
1716356337289,53,,,,
1716356337301,149,,,
1716356337323,,149,,
1716356337335,,,149,
1716356338289,53,,,,
1716356338301,149,,,
1716356338324,,149,,
1716356338334,,,149,
1716356339289,53,,,,
1716356339301,149,,,
1716356339323,,149,,
1716356339334,,,149,
1716356340288,53,,,,
1716356340301,149,,,
1716356340323,,149,,
1716356340334,,,149,
1716356341289,53,,,,
1716356341300,149,,,
1716356341323,,149,,
1716356341334,,,149,
1716356342289,53,,,,
1716356342301,149,,,
1716356342323,,149,,
1716356342334,,,149,
1716356343288,53,,,,
1716356343301,149,,,
1716356343323,,149,,
1716356343334,,,149,
1716356344289,53,,,,
1716356344301,149,,,
1716356344323,,149,,
1716356344334,,,149,
1716356345288,53,,,,
1716356345301,149,,,
1716356345323,,149,,
1716356345334,,,149,
1716356346289,53,,,,
1716356346301,149,,,
1716356346323,,149,,
1716356346334,,,149,
1716356347289,53,,,,
1716356347301,149,,,
1716356347323,,149,,
1716356347335,,,149,
1716356348289,53,,,,
1716356348301,149,,,
1716356348324,,149,,
1716356348334,,,149,
1716356349289,53,,,,
1716356349301,149,,,
1716356349323,,149,,
1716356349334,,,149,
1716356350289,53,,,,
1716356350301,149,,,
1716356350323,,149,,
1716356350334,,,149,
1716356351289,53,,,,
1716356351301,149,,,
1716356351323,,149,,
1716356351335,,,149,
1716356352289,53,,,,
1716356352301,149,,,
1716356352323,,149,,
1716356352334,,,149,
1716356353289,53,,,,
1716356353300,149,,,
1716356353323,,149,,
1716356353334,,,149,
1716356354289,53,,,,
1716356354301,149,,,
1716356354323,,149,,
1716356354334,,,149,
1716356355289,53,,,,
1716356355301,149,,,
1716356355323,,149,,
1716356355335,,,149,
1716356356289,53,,,,
1716356356301,149,,,
1716356356323,,149,,
1716356356334,,,149,
1716356357289,53,,,,
1716356357301,149,,,
1716356357324,,149,,
1716356357335,,,149,
1716356358289,53,,,,
1716356358301,149,,,
1716356358323,,149,,
1716356358335,,,149,
1716356359289,53,,,,
1716356359301,149,,,
1716356359323,,149,,
1716356359334,,,149,
1716356360289,53,,,,
1716356360301,149,,,
1716356360323,,149,,
1716356360334,,,149,
1716356361289,53,,,,
1716356361301,149,,,
1716356361323,,149,,
1716356361334,,,149,
1716356362289,53,,,,
1716356362301,149,,,
1716356362323,,149,,
1716356362334,,,149,
1716356363289,53,,,,
1716356363301,149,,,
1716356363323,,149,,
1716356363334,,,149,
1716356364289,53,,,,
1716356364301,149,,,
1716356364323,,149,,
1716356364334,,,149,
1716356365289,53,,,,
1716356365301,149,,,
1716356365323,,149,,
1716356365334,,,149,
1716356366289,53,,,,
1716356366301,149,,,
1716356366323,,149,,
1716356366335,,,149,
1716356367289,53,,,,
1716356367300,149,,,
1716356367323,,149,,
1716356367334,,,149,
1716356368289,53,,,,
1716356368301,149,,,
1716356368323,,149,,
1716356368334,,,149,
1716356369289,53,,,,
1716356369301,149,,,
1716356369323,,149,,
1716356369334,,,149,
1716356370289,53,,,,
1716356370301,149,,,
1716356370323,,149,,
1716356370334,,,149,
1716356371289,53,,,,
1716356371301,149,,,
1716356371325,,149,,
1716356371334,,,149,
1716356372289,53,,,,
1716356372301,149,,,
1716356372323,,149,,
1716356372334,,,149,
1716356373289,53,,,,
1716356373300,149,,,
1716356373323,,149,,
1716356373335,,,149,
1716356374289,53,,,,
1716356374301,149,,,
1716356374323,,149,,
1716356374334,,,149,
1716356375289,53,,,,
1716356375301,149,,,
1716356375324,,149,,
1716356375335,,,149,
1716356376289,53,,,,
1716356376301,149,,,
1716356376323,,149,,
1716356376334,,,149,
1716356377289,53,,,,
1716356377301,149,,,
1716356377323,,149,,
1716356377334,,,149,
1716356378289,53,,,,
1716356378301,149,,,
1716356378324,,149,,
1716356378334,,,149,
1716356379289,53,,,,
1716356379301,149,,,
1716356379323,,149,,
1716356379334,,,149,
1716356380289,53,,,,
1716356380301,149,,,
1716356380323,,149,,
1716356380334,,,149,
1716356381289,53,,,,
1716356381301,149,,,
1716356381323,,149,,
1716356381334,,,149,
1716356382289,53,,,,
1716356382301,149,,,
1716356382323,,149,,
1716356382334,,,149,
1716356383289,53,,,,
1716356383301,149,,,
1716356383323,,149,,
1716356383335,,,149,
1716356384289,53,,,,
1716356384301,149,,,
1716356384324,,149,,
1716356384335,,,149,
1716356385289,53,,,,
1716356385300,149,,,
1716356385323,,149,,
1716356385334,,,149,
1716356386289,53,,,,
1716356386301,149,,,
1716356386325,,149,,
1716356386334,,,149,
1716356387289,53,,,,
1716356387301,149,,,
1716356387323,,149,,
1716356387334,,,149,
1716356388289,53,,,,
1716356388301,149,,,
1716356388323,,149,,
1716356388334,,,149,
1716356389289,53,,,,
1716356389301,149,,,
1716356389323,,149,,
1716356389334,,,149,
1716356390289,53,,,,
1716356390301,149,,,
1716356390323,,149,,
1716356390334,,,149,
1716356391289,53,,,,
1716356391301,149,,,
1716356391323,,149,,
1716356391334,,,149,
1716356392289,53,,,,
1716356392301,149,,,
1716356392323,,149,,
1716356392334,,,149,
1716356393289,53,,,,
1716356393301,149,,,
1716356393323,,149,,
1716356393334,,,149,
1716356394289,53,,,,
1716356394300,149,,,
1716356394323,,149,,
1716356394334,,,149,
1716356395289,53,,,,
1716356395301,149,,,
1716356395323,,149,,
1716356395334,,,149,
1716356396289,53,,,,
1716356396300,149,,,
1716356396323,,149,,
1716356396334,,,149,
1716356397289,53,,,,
1716356397301,149,,,
1716356397324,,149,,
1716356397334,,,149,
1716356398289,53,,,,
1716356398301,149,,,
1716356398323,,149,,
1716356398334,,,149,
1716356399289,53,,,,
1716356399301,149,,,
1716356399323,,149,,
1716356399334,,,149,
1716356400289,53,,,,
1716356400301,149,,,
1716356400323,,149,,
1716356400334,,,149,
1716356401289,53,,,,
1716356401301,149,,,
1716356401323,,149,,
1716356401334,,,149,
1716356402289,53,,,,
1716356402301,149,,,
1716356402323,,149,,
1716356402334,,,149,
1716356403289,54,,,,
1716356403301,149,,,
1716356403323,,149,,
1716356403334,,,149,
1716356404290,53,,,,
1716356404301,149,,,
1716356404324,,149,,
1716356404335,,,149,
1716356405289,53,,,,
1716356405301,149,,,
1716356405323,,149,,
1716356405334,,,149,
1716356406289,53,,,,
1716356406301,149,,,
1716356406324,,149,,
1716356406334,,,149,
1716356407289,53,,,,
1716356407301,149,,,
1716356407323,,149,,
1716356407335,,,149,
1716356408289,53,,,,
1716356408301,149,,,
1716356408323,,149,,
1716356408334,,,149,
1716356409289,53,,,,
1716356409301,149,,,
1716356409323,,149,,
1716356409334,,,149,
1716356410289,53,,,,
1716356410301,149,,,
1716356410323,,149,,
1716356410334,,,149,
1716356411289,53,,,,
1716356411301,149,,,
1716356411323,,149,,
1716356411334,,,149,
1716356412289,53,,,,
1716356412301,149,,,
1716356412323,,149,,
1716356412334,,,149,
1716356413289,53,,,,
1716356413301,149,,,
1716356413323,,149,,
1716356413334,,,149,
1716356414289,53,,,,
1716356414301,149,,,
1716356414323,,149,,
1716356414334,,,149,
1716356415288,53,,,,
1716356415301,149,,,
1716356415323,,149,,
1716356415335,,,149,
1716356416289,53,,,,
1716356416301,149,,,
1716356416323,,149,,
1716356416334,,,149,
1716356417289,53,,,,
1716356417300,149,,,
1716356417323,,149,,
1716356417334,,,149,
1716356418289,53,,,,
1716356418301,149,,,
1716356418324,,149,,
1716356418334,,,149,
1716356419289,53,,,,
1716356419301,149,,,
1716356419323,,149,,
1716356419334,,,149,
1716356420289,53,,,,
1716356420301,149,,,
1716356420324,,149,,
1716356420334,,,149,
1716356421289,53,,,,
1716356421301,149,,,
1716356421323,,149,,
1716356421334,,,149,
1716356422289,53,,,,
1716356422300,149,,,
1716356422323,,149,,
1716356422334,,,149,
1716356423289,53,,,,
1716356423301,149,,,
1716356423324,,149,,
1716356423335,,,149,
1716356424289,53,,,,
1716356424301,149,,,
1716356424323,,149,,
1716356424334,,,149,
1716356425289,53,,,,
1716356425301,149,,,
1716356425323,,149,,
1716356425334,,,149,
1716356426289,53,,,,
1716356426301,149,,,
1716356426323,,149,,
1716356426334,,,149,
1716356427289,53,,,,
1716356427301,149,,,
1716356427323,,149,,
1716356427334,,,149,
1716356428289,53,,,,
1716356428301,149,,,
1716356428323,,149,,
1716356428334,,,149,
1716356429289,53,,,,
1716356429301,149,,,
1716356429323,,149,,
1716356429335,,,149,
1716356430289,53,,,,
1716356430301,149,,,
1716356430323,,149,,
1716356430334,,,149,
1716356431289,53,,,,
1716356431301,149,,,
1716356431323,,149,,
1716356431334,,,149,
1716356432288,53,,,,
1716356432301,149,,,
1716356432323,,149,,
1716356432334,,,149,
1716356433289,53,,,,
1716356433301,149,,,
1716356433323,,149,,
1716356433334,,,149,
1716356434289,53,,,,
1716356434301,149,,,
1716356434324,,149,,
1716356434334,,,149,
1716356435289,53,,,,
1716356435301,149,,,
1716356435323,,149,,
1716356435334,,,149,
1716356436289,53,,,,
1716356436301,149,,,
1716356436323,,149,,
1716356436334,,,149,
1716356437289,53,,,,
1716356437300,149,,,
1716356437323,,149,,
1716356437334,,,149,
1716356438289,53,,,,
1716356438301,149,,,
1716356438323,,149,,
1716356438334,,,149,
1716356439289,53,,,,
1716356439301,149,,,
1716356439323,,149,,
1716356439335,,,149,
1716356440289,53,,,,
1716356440301,149,,,
1716356440323,,149,,
1716356440334,,,149,
1716356441289,53,,,,
1716356441301,149,,,
1716356441323,,149,,
1716356441334,,,149,
1716356442289,53,,,,
1716356442300,149,,,
1716356442323,,149,,
1716356442334,,,149,
1716356443288,53,,,,
1716356443301,149,,,
1716356443323,,149,,
1716356443334,,,149,
1716356444289,53,,,,
1716356444300,149,,,
1716356444323,,149,,
1716356444334,,,149,
1716356445289,53,,,,
1716356445301,149,,,
1716356445323,,149,,
1716356445334,,,149,
1716356446289,53,,,,
1716356446300,149,,,
1716356446323,,149,,
1716356446334,,,149,
1716356447288,53,,,,
1716356447300,149,,,
1716356447323,,149,,
1716356447334,,,149,
1716356448289,53,,,,
1716356448300,149,,,
1716356448323,,149,,
1716356448334,,,149,
1716356449289,53,,,,
1716356449301,149,,,
1716356449323,,149,,
1716356449334,,,149,
1716356450288,53,,,,
1716356450301,149,,,
1716356450323,,149,,
1716356450334,,,149,
1716356451289,53,,,,
1716356451301,149,,,
1716356451323,,149,,
1716356451334,,,149,
1716356452289,53,,,,
1716356452301,149,,,
1716356452323,,149,,
1716356452334,,,149,
1716356453289,53,,,,
1716356453301,149,,,
1716356453323,,149,,
1716356453334,,,149,
1716356454289,53,,,,
1716356454300,149,,,
1716356454323,,149,,
1716356454334,,,149,
1716356455289,53,,,,
1716356455301,149,,,
1716356455323,,149,,
1716356455334,,,149,
1716356456289,53,,,,
1716356456301,149,,,
1716356456323,,149,,
1716356456334,,,149,
1716356457289,53,,,,
1716356457300,149,,,
1716356457323,,149,,
1716356457334,,,149,
1716356458289,53,,,,
1716356458301,149,,,
1716356458323,,149,,
1716356458334,,,149,
1716356459288,53,,,,
1716356459300,149,,,
1716356459323,,149,,
1716356459334,,,149,
1716356460289,53,,,,
1716356460301,149,,,
1716356460324,,149,,
1716356460334,,,149,
1716356461289,53,,,,
1716356461300,149,,,
1716356461323,,149,,
1716356461335,,,149,
1716356462289,53,,,,
1716356462301,149,,,
1716356462323,,149,,
1716356462334,,,149,
1716356463289,53,,,,
1716356463301,149,,,
1716356463323,,149,,
1716356463334,,,149,
1716356464289,53,,,,
1716356464300,149,,,
1716356464323,,149,,
1716356464334,,,149,
1716356465289,53,,,,
1716356465301,149,,,
1716356465323,,149,,
1716356465334,,,149,
1716356466289,53,,,,
1716356466300,149,,,
1716356466323,,149,,
1716356466334,,,149,
1716356467289,53,,,,
1716356467300,149,,,
1716356467323,,149,,
1716356467334,,,149,
1716356468289,53,,,,
1716356468301,149,,,
1716356468323,,149,,
1716356468334,,,149,
1716356469289,53,,,,
1716356469301,149,,,
1716356469323,,149,,
1716356469334,,,149,
1716356470289,53,,,,
1716356470301,149,,,
1716356470323,,149,,
1716356470334,,,149,
1716356471289,53,,,,
1716356471301,149,,,
1716356471323,,149,,
1716356471334,,,149,
1716356472289,53,,,,
1716356472301,149,,,
1716356472323,,149,,
1716356472335,,,149,
1716356473289,53,,,,
1716356473301,149,,,
1716356473323,,149,,
1716356473335,,,149,
1716356474289,53,,,,
1716356474300,149,,,
1716356474323,,149,,
1716356474334,,,149,
1716356475289,53,,,,
1716356475301,149,,,
1716356475323,,149,,
1716356475334,,,149,
1716356476289,53,,,,
1716356476301,149,,,
1716356476323,,149,,
1716356476334,,,149,
1716356477289,53,,,,
1716356477301,149,,,
1716356477323,,149,,
1716356477334,,,149,
1716356478289,53,,,,
1716356478301,149,,,
1716356478323,,149,,
1716356478334,,,149,
1716356479289,53,,,,
1716356479301,149,,,
1716356479323,,149,,
1716356479334,,,149,
1716356480289,53,,,,
1716356480300,149,,,
1716356480323,,149,,
1716356480334,,,149,
1716356481289,53,,,,
1716356481300,149,,,
1716356481323,,149,,
1716356481334,,,149,
1716356482289,53,,,,
1716356482301,149,,,
1716356482323,,149,,
1716356482334,,,149,
1716356483289,53,,,,
1716356483301,149,,,
1716356483324,,149,,
1716356483334,,,149,
1716356484289,53,,,,
1716356484301,149,,,
1716356484323,,149,,
1716356484334,,,149,
1716356485289,53,,,,
1716356485300,149,,,
1716356485323,,149,,
1716356485334,,,149,
1716356486289,53,,,,
1716356486300,149,,,
1716356486323,,149,,
1716356486334,,,149,
1716356487289,53,,,,
1716356487301,149,,,
1716356487323,,149,,
1716356487334,,,149,
1716356488289,53,,,,
1716356488300,149,,,
1716356488323,,149,,
1716356488334,,,149,
1716356489289,53,,,,
1716356489301,149,,,
1716356489323,,149,,
1716356489334,,,149,
1716356490289,53,,,,
1716356490301,149,,,
1716356490323,,149,,
1716356490334,,,149,
1716356491289,53,,,,
1716356491301,149,,,
1716356491323,,149,,
1716356491334,,,149,
1716356492289,53,,,,
1716356492301,149,,,
1716356492323,,149,,
1716356492334,,,149,
1716356493289,53,,,,
1716356493301,149,,,
1716356493323,,149,,
1716356493334,,,149,
1716356494289,53,,,,
1716356494301,149,,,
1716356494323,,149,,
1716356494334,,,149,
1716356495289,53,,,,
1716356495301,149,,,
1716356495323,,149,,
1716356495334,,,149,
1716356496289,53,,,,
1716356496301,149,,,
1716356496323,,149,,
1716356496334,,,149,
1716356497289,53,,,,
1716356497301,149,,,
1716356497323,,149,,
1716356497334,,,149,
1716356498289,53,,,,
1716356498301,149,,,
1716356498324,,149,,
1716356498335,,,149,
1716356499289,53,,,,
1716356499301,149,,,
1716356499323,,149,,
1716356499334,,,149,
1716356500289,53,,,,
1716356500301,149,,,
1716356500323,,149,,
1716356500334,,,149,
1716356501289,53,,,,
1716356501301,149,,,
1716356501323,,149,,
1716356501334,,,149,
1716356502289,53,,,,
1716356502301,149,,,
1716356502323,,149,,
1716356502334,,,149,
1716356503289,53,,,,
1716356503301,149,,,
1716356503323,,149,,
1716356503334,,,149,
1716356504289,53,,,,
1716356504301,149,,,
1716356504323,,149,,
1716356504334,,,149,
1716356505289,53,,,,
1716356505301,149,,,
1716356505323,,149,,
1716356505334,,,149,
1716356506289,53,,,,
1716356506301,149,,,
1716356506323,,149,,
1716356506334,,,149,
1716356507289,53,,,,
1716356507301,149,,,
1716356507323,,149,,
1716356507334,,,149,
1716356508289,53,,,,
1716356508301,149,,,
1716356508324,,149,,
1716356508334,,,149,
1716356509289,53,,,,
1716356509301,149,,,
1716356509323,,149,,
1716356509334,,,149,
1716356510289,53,,,,
1716356510300,149,,,
1716356510323,,149,,
1716356510334,,,149,
1716356511289,53,,,,
1716356511301,149,,,
1716356511323,,149,,
1716356511334,,,149,
1716356512289,53,,,,
1716356512300,149,,,
1716356512323,,149,,
1716356512334,,,149,
1716356513289,53,,,,
1716356513300,149,,,
1716356513323,,149,,
1716356513334,,,149,
1716356514289,53,,,,
1716356514301,149,,,
1716356514323,,149,,
1716356514334,,,149,
1716356515289,53,,,,
1716356515301,149,,,
1716356515323,,149,,
1716356515334,,,149,
1716356516289,53,,,,
1716356516301,149,,,
1716356516324,,149,,
1716356516335,,,149,
1716356517289,53,,,,
1716356517301,149,,,
1716356517323,,149,,
1716356517334,,,149,
1716356518289,53,,,,
1716356518300,149,,,
1716356518323,,149,,
1716356518335,,,149,
1716356519289,53,,,,
1716356519301,149,,,
1716356519323,,149,,
1716356519334,,,149,
1716356520289,53,,,,
1716356520301,149,,,
1716356520323,,149,,
1716356520334,,,149,
1716356521289,53,,,,
1716356521300,149,,,
1716356521323,,149,,
1716356521334,,,149,
1716356522289,53,,,,
1716356522300,149,,,
1716356522323,,149,,
1716356522334,,,149,
1716356523289,53,,,,
1716356523300,149,,,
1716356523323,,149,,
1716356523334,,,149,
1716356524289,53,,,,
1716356524300,149,,,
1716356524324,,149,,
1716356524334,,,149,
1716356525289,53,,,,
1716356525301,149,,,
1716356525323,,149,,
1716356525334,,,149,
1716356526289,53,,,,
1716356526301,149,,,
1716356526323,,149,,
1716356526334,,,149,
1716356527289,53,,,,
1716356527301,149,,,
1716356527323,,149,,
1716356527334,,,149,
1716356528289,53,,,,
1716356528301,149,,,
1716356528323,,149,,
1716356528334,,,149,
1716356529289,53,,,,
1716356529300,149,,,
1716356529323,,149,,
1716356529334,,,149,
1716356530289,53,,,,
1716356530300,149,,,
1716356530323,,149,,
1716356530335,,,149,
1716356531289,53,,,,
1716356531301,149,,,
1716356531323,,149,,
1716356531334,,,149,
1716356532289,53,,,,
1716356532301,149,,,
1716356532323,,149,,
1716356532334,,,149,
1716356533289,53,,,,
1716356533301,149,,,
1716356533323,,149,,
1716356533334,,,149,
1716356534289,53,,,,
1716356534300,149,,,
1716356534323,,149,,
1716356534334,,,149,
1716356535289,53,,,,
1716356535300,149,,,
1716356535324,,149,,
1716356535334,,,149,
1716356536289,53,,,,
1716356536301,149,,,
1716356536323,,149,,
1716356536334,,,149,
1716356537289,53,,,,
1716356537301,149,,,
1716356537323,,149,,
1716356537335,,,149,
1716356538288,53,,,,
1716356538301,149,,,
1716356538323,,149,,
1716356538334,,,149,
1716356539289,53,,,,
1716356539301,149,,,
1716356539323,,149,,
1716356539334,,,149,
1716356540288,53,,,,
1716356540300,149,,,
1716356540323,,149,,
1716356540334,,,149,
1716356541289,53,,,,
1716356541300,149,,,
1716356541323,,149,,
1716356541334,,,149,
1716356542289,53,,,,
1716356542301,149,,,
1716356542323,,149,,
1716356542334,,,149,
1716356543289,53,,,,
1716356543301,149,,,
1716356543323,,149,,
1716356543334,,,149,
1716356544289,53,,,,
1716356544301,149,,,
1716356544323,,149,,
1716356544335,,,149,
1716356545289,53,,,,
1716356545301,149,,,
1716356545323,,149,,
1716356545334,,,149,
1716356546289,53,,,,
1716356546301,149,,,
1716356546323,,149,,
1716356546334,,,149,
1716356547289,53,,,,
1716356547301,149,,,
1716356547323,,149,,
1716356547335,,,149,
1716356548289,53,,,,
1716356548301,149,,,
1716356548323,,149,,
1716356548334,,,149,
1716356549289,53,,,,
1716356549301,149,,,
1716356549324,,149,,
1716356549334,,,149,
1716356550289,53,,,,
1716356550301,149,,,
1716356550323,,149,,
1716356550334,,,149,
1716356551289,53,,,,
1716356551301,149,,,
1716356551323,,149,,
1716356551334,,,149,
1716356552288,53,,,,
1716356552300,149,,,
1716356552323,,149,,
1716356552334,,,149,
1716356553289,53,,,,
1716356553300,149,,,
1716356553323,,149,,
1716356553334,,,149,
1716356554289,53,,,,
1716356554301,149,,,
1716356554323,,149,,
1716356554334,,,149,
1716356555289,53,,,,
1716356555301,149,,,
1716356555323,,149,,
1716356555334,,,149,
1716356556288,53,,,,
1716356556301,149,,,
1716356556323,,149,,
1716356556334,,,149,
1716356557289,53,,,,
1716356557300,149,,,
1716356557323,,149,,
1716356557334,,,149,
1716356558289,53,,,,
1716356558301,149,,,
1716356558323,,149,,
1716356558334,,,149,
1716356559289,53,,,,
1716356559301,149,,,
1716356559323,,149,,
1716356559334,,,149,
1716356560289,53,,,,
1716356560300,149,,,
1716356560323,,149,,
1716356560334,,,149,
1716356561289,53,,,,
1716356561301,149,,,
1716356561323,,149,,
1716356561334,,,149,
1716356562289,53,,,,
1716356562301,149,,,
1716356562323,,149,,
1716356562334,,,149,
1716356563289,53,,,,
1716356563301,149,,,
1716356563323,,149,,
1716356563335,,,149,
1716356564289,53,,,,
1716356564301,149,,,
1716356564323,,149,,
1716356564334,,,149,
1716356565288,53,,,,
1716356565300,149,,,
1716356565324,,149,,
1716356565334,,,149,
1716356566289,53,,,,
1716356566300,149,,,
1716356566323,,149,,
1716356566334,,,149,
1716356567289,53,,,,
1716356567300,149,,,
1716356567323,,149,,
1716356567334,,,149,
1716356568289,53,,,,
1716356568301,149,,,
1716356568323,,149,,
1716356568335,,,149,
1716356569289,53,,,,
1716356569300,149,,,
1716356569323,,149,,
1716356569334,,,149,
1716356570289,53,,,,
1716356570300,149,,,
1716356570323,,149,,
1716356570334,,,149,
1716356571289,53,,,,
1716356571301,149,,,
1716356571323,,149,,
1716356571334,,,149,
1716356572289,53,,,,
1716356572301,149,,,
1716356572323,,149,,
1716356572334,,,149,
1716356573289,53,,,,
1716356573300,149,,,
1716356573323,,149,,
1716356573334,,,149,
1716356574288,53,,,,
1716356574300,149,,,
1716356574324,,149,,
1716356574334,,,149,
1716356575289,53,,,,
1716356575301,149,,,
1716356575323,,149,,
1716356575334,,,149,
1716356576289,53,,,,
1716356576300,149,,,
1716356576323,,149,,
1716356576334,,,149,
1716356577289,53,,,,
1716356577301,149,,,
1716356577323,,149,,
1716356577335,,,149,
1716356578289,53,,,,
1716356578301,149,,,
1716356578323,,149,,
1716356578334,,,149,
1716356579288,53,,,,
1716356579301,149,,,
1716356579323,,149,,
1716356579334,,,149,
1716356580289,53,,,,
1716356580301,149,,,
1716356580323,,149,,
1716356580334,,,149,
1716356581289,53,,,,
1716356581301,149,,,
1716356581323,,149,,
1716356581334,,,149,
1716356582289,53,,,,
1716356582301,149,,,
1716356582323,,149,,
1716356582334,,,149,
1716356583288,53,,,,
1716356583301,149,,,
1716356583323,,149,,
1716356583334,,,149,
1716356584289,53,,,,
1716356584301,149,,,
1716356584323,,149,,
1716356584334,,,149,
1716356585289,53,,,,
1716356585301,149,,,
1716356585324,,149,,
1716356585334,,,149,
1716356586289,53,,,,
1716356586300,149,,,
1716356586323,,149,,
1716356586334,,,149,
1716356587289,53,,,,
1716356587301,149,,,
1716356587323,,149,,
1716356587334,,,149,
1716356588289,53,,,,
1716356588300,149,,,
1716356588323,,149,,
1716356588334,,,149,
1716356589289,53,,,,
1716356589300,149,,,
1716356589323,,149,,
1716356589334,,,149,
1716356590289,53,,,,
1716356590300,149,,,
1716356590323,,149,,
1716356590334,,,149,
1716356591289,53,,,,
1716356591301,149,,,
1716356591323,,149,,
1716356591334,,,149,
1716356592289,53,,,,
1716356592301,149,,,
1716356592324,,149,,
1716356592334,,,149,
1716356593289,53,,,,
1716356593300,149,,,
1716356593323,,149,,
1716356593334,,,149,
1716356594289,53,,,,
1716356594301,149,,,
1716356594323,,149,,
1716356594334,,,149,
1716356595289,53,,,,
1716356595301,149,,,
1716356595323,,149,,
1716356595334,,,149,
1716356596289,53,,,,
1716356596300,149,,,
1716356596323,,149,,
1716356596334,,,149,
1716356597289,53,,,,
1716356597300,149,,,
1716356597323,,149,,
1716356597334,,,149,
1716356598289,53,,,,
1716356598301,149,,,
1716356598323,,149,,
1716356598334,,,149,
1716356599289,53,,,,
1716356599300,149,,,
1716356599323,,149,,
1716356599334,,,149,
1716356600289,53,,,,
1716356600300,149,,,
1716356600323,,149,,
1716356600334,,,149,
1716356601288,53,,,,
1716356601300,149,,,
1716356601323,,149,,
1716356601334,,,149,
1716356602289,53,,,,
1716356602300,149,,,
1716356602323,,149,,
1716356602335,,,149,
1716356603289,53,,,,
1716356603301,149,,,
1716356603323,,149,,
1716356603334,,,149,
1716356604289,53,,,,
1716356604301,149,,,
1716356604323,,149,,
1716356604334,,,149,
1716356605289,53,,,,
1716356605301,149,,,
1716356605323,,149,,
1716356605335,,,149,
1716356606289,53,,,,
1716356606301,149,,,
1716356606323,,149,,
1716356606334,,,149,
1716356607289,53,,,,
1716356607300,149,,,
1716356607323,,149,,
1716356607334,,,149,
1716356608289,53,,,,
1716356608301,149,,,
1716356608323,,149,,
1716356608334,,,149,
1716356609289,53,,,,
1716356609300,149,,,
1716356609323,,149,,
1716356609334,,,149,
1716356610289,53,,,,
1716356610301,149,,,
1716356610323,,149,,
1716356610334,,,149,
1716356611289,53,,,,
1716356611300,149,,,
1716356611323,,149,,
1716356611335,,,149,
1716356612289,53,,,,
1716356612301,149,,,
1716356612323,,149,,
1716356612334,,,149,
1716356613289,53,,,,
1716356613301,149,,,
1716356613323,,149,,
1716356613334,,,149,
1716356614289,53,,,,
1716356614301,149,,,
1716356614323,,149,,
1716356614334,,,149,
1716356615288,53,,,,
1716356615301,149,,,
1716356615323,,149,,
1716356615335,,,149,
1716356616289,53,,,,
1716356616301,149,,,
1716356616323,,149,,
1716356616334,,,149,
1716356617289,53,,,,
1716356617301,149,,,
1716356617323,,149,,
1716356617334,,,149,
1716356618289,53,,,,
1716356618301,149,,,
1716356618323,,149,,
1716356618334,,,149,
1716356619289,53,,,,
1716356619300,149,,,
1716356619323,,149,,
1716356619334,,,149,
1716356620289,53,,,,
1716356620300,149,,,
1716356620323,,149,,
1716356620334,,,149,
1716356621289,53,,,,
1716356621301,149,,,
1716356621323,,149,,
1716356621334,,,149,
1716356622289,53,,,,
1716356622301,149,,,
1716356622323,,149,,
1716356622334,,,149,
1716356623289,53,,,,
1716356623301,149,,,
1716356623323,,149,,
1716356623334,,,149,
1716356624289,53,,,,
1716356624301,149,,,
1716356624323,,149,,
1716356624334,,,149,
1716356625289,53,,,,
1716356625301,149,,,
1716356625323,,149,,
1716356625334,,,149,
1716356626288,53,,,,
1716356626300,149,,,
1716356626323,,149,,
1716356626334,,,149,
1716356627289,53,,,,
1716356627300,149,,,
1716356627323,,149,,
1716356627334,,,149,
1716356628288,53,,,,
1716356628300,149,,,
1716356628323,,149,,
1716356628334,,,149,
1716356629289,53,,,,
1716356629301,149,,,
1716356629323,,149,,
1716356629334,,,149,
1716356630289,53,,,,
1716356630301,149,,,
1716356630323,,149,,
1716356630334,,,149,
1716356631289,53,,,,
1716356631301,149,,,
1716356631323,,149,,
1716356631335,,,149,
1716356632288,53,,,,
1716356632300,149,,,
1716356632323,,149,,
1716356632334,,,149,
1716356633289,53,,,,
1716356633301,149,,,
1716356633323,,149,,
1716356633334,,,149,
1716356634289,53,,,,
1716356634301,149,,,
1716356634323,,149,,
1716356634334,,,149,
1716356635289,53,,,,
1716356635301,149,,,
1716356635323,,149,,
1716356635334,,,149,
1716356636289,53,,,,
1716356636300,149,,,
1716356636323,,149,,
1716356636334,,,149,
1716356637289,53,,,,
1716356637301,149,,,
1716356637323,,149,,
1716356637334,,,149,
1716356638289,53,,,,
1716356638300,149,,,
1716356638323,,149,,
1716356638335,,,149,
1716356639289,53,,,,
1716356639301,149,,,
1716356639323,,149,,
1716356639334,,,149,
1716356640289,53,,,,
1716356640300,149,,,
1716356640323,,149,,
1716356640334,,,149,
1716356641289,53,,,,
1716356641301,149,,,
1716356641323,,149,,
1716356641334,,,149,
1716356642289,53,,,,
1716356642301,149,,,
1716356642323,,149,,
1716356642334,,,149,
1716356643289,53,,,,
1716356643301,149,,,
1716356643323,,149,,
1716356643334,,,149,
1716356644289,53,,,,
1716356644301,149,,,
1716356644323,,149,,
1716356644337,,,149,
1716356645289,53,,,,
1716356645301,149,,,
1716356645323,,149,,
1716356645334,,,149,
1716356646288,53,,,,
1716356646301,149,,,
1716356646323,,149,,
1716356646334,,,149,
1716356647288,53,,,,
1716356647301,149,,,
1716356647323,,149,,
1716356647334,,,149,
1716356648289,53,,,,
1716356648300,149,,,
1716356648323,,149,,
1716356648334,,,149,
1716356649289,53,,,,
1716356649300,149,,,
1716356649323,,149,,
1716356649334,,,149,
1716356650289,53,,,,
1716356650301,149,,,
1716356650323,,149,,
1716356650335,,,149,
1716356651289,53,,,,
1716356651300,149,,,
1716356651323,,149,,
1716356651334,,,149,
1716356652289,53,,,,
1716356652301,149,,,
1716356652323,,149,,
1716356652335,,,149,
1716356653289,53,,,,
1716356653301,149,,,
1716356653323,,149,,
1716356653334,,,149,
1716356654288,53,,,,
1716356654301,149,,,
1716356654323,,149,,
1716356654335,,,149,
1716356655289,53,,,,
1716356655301,149,,,
1716356655323,,149,,
1716356655334,,,149,
1716356656289,53,,,,
1716356656301,149,,,
1716356656323,,149,,
1716356656334,,,149,
1716356657289,53,,,,
1716356657300,149,,,
1716356657323,,149,,
1716356657334,,,149,
1716356658289,53,,,,
1716356658301,149,,,
1716356658323,,149,,
1716356658334,,,149,
1716356659289,53,,,,
1716356659300,149,,,
1716356659323,,149,,
1716356659334,,,149,
1716356660289,53,,,,
1716356660300,149,,,
1716356660323,,149,,
1716356660334,,,149,
1716356661289,53,,,,
1716356661301,149,,,
1716356661323,,149,,
1716356661334,,,149,
1716356662289,53,,,,
1716356662301,149,,,
1716356662323,,149,,
1716356662334,,,149,
1716356663289,53,,,,
1716356663301,149,,,
1716356663323,,149,,
1716356663335,,,149,
1716356664289,53,,,,
1716356664301,149,,,
1716356664323,,149,,
1716356664334,,,149,
1716356665289,53,,,,
1716356665300,149,,,
1716356665323,,149,,
1716356665334,,,149,
1716356666289,53,,,,
1716356666301,149,,,
1716356666323,,149,,
1716356666334,,,149,
1716356667289,53,,,,
1716356667301,149,,,
1716356667323,,149,,
1716356667334,,,149,
1716356668289,53,,,,
1716356668301,149,,,
1716356668323,,149,,
1716356668334,,,149,
1716356669288,53,,,,
1716356669300,149,,,
1716356669323,,149,,
1716356669334,,,149,
1716356670289,53,,,,
1716356670300,149,,,
1716356670323,,149,,
1716356670334,,,149,
1716356671289,53,,,,
1716356671301,149,,,
1716356671323,,149,,
1716356671334,,,149,
1716356672289,53,,,,
1716356672300,149,,,
1716356672323,,149,,
1716356672334,,,149,
1716356673288,53,,,,
1716356673300,149,,,
1716356673323,,149,,
1716356673334,,,149,
1716356674289,53,,,,
1716356674300,149,,,
1716356674323,,149,,
1716356674334,,,149,
1716356675288,53,,,,
1716356675300,149,,,
1716356675323,,149,,
1716356675334,,,149,
1716356676289,53,,,,
1716356676300,149,,,
1716356676323,,149,,
1716356676334,,,149,
1716356677289,53,,,,
1716356677301,149,,,
1716356677323,,149,,
1716356677334,,,149,
1716356678289,53,,,,
1716356678300,149,,,
1716356678323,,149,,
1716356678334,,,149,
1716356679288,53,,,,
1716356679301,149,,,
1716356679323,,149,,
1716356679334,,,149,
1716356680288,53,,,,
1716356680300,149,,,
1716356680323,,149,,
1716356680334,,,149,
1716356681289,53,,,,
1716356681300,149,,,
1716356681323,,149,,
1716356681334,,,149,
1716356682288,53,,,,
1716356682301,149,,,
1716356682326,,149,,
1716356682334,,,149,
1716356683289,53,,,,
1716356683301,149,,,
1716356683323,,149,,
1716356683335,,,149,
1716356684289,53,,,,
1716356684301,149,,,
1716356684323,,149,,
1716356684334,,,149,
1716356685288,53,,,,
1716356685300,149,,,
1716356685323,,149,,
1716356685334,,,149,
1716356686289,53,,,,
1716356686300,149,,,
1716356686323,,149,,
1716356686334,,,149,
1716356687289,53,,,,
1716356687301,149,,,
1716356687323,,149,,
1716356687335,,,149,
1716356688289,53,,,,
1716356688301,149,,,
1716356688323,,149,,
1716356688334,,,149,
1716356689289,53,,,,
1716356689300,149,,,
1716356689323,,149,,
1716356689334,,,149,
1716356690289,53,,,,
1716356690301,149,,,
1716356690323,,149,,
1716356690334,,,149,
1716356691289,53,,,,
1716356691300,149,,,
1716356691323,,149,,
1716356691334,,,149,
1716356692288,53,,,,
1716356692300,149,,,
1716356692323,,149,,
1716356692334,,,149,
1716356693288,53,,,,
1716356693300,149,,,
1716356693323,,149,,
1716356693334,,,149,
1716356694289,53,,,,
1716356694300,149,,,
1716356694323,,149,,
1716356694334,,,149,
1716356694650,,,0,
1716356694651,0,0,,
1716356694654,0,