Timestamp,Slave 0,Slave 1,Slave 2,
1698115785733,0,,,,
1698115785740,,0,,
1698115785742,,,0,
1698115785743,0,,,
1698115785765,,150,,
1698115785780,,,150,
1698115785815,56,,,,
1698115785834,150,,,
1698115786735,56,,,,
1698115786743,,150,,
1698115786744,,,150,
1698115786746,150,,,
1698115787735,56,,,,
1698115787741,,150,,
1698115787743,,,150,
1698115787745,150,,,
1698115788735,56,,,,
1698115788741,,150,,
1698115788743,,,150,
1698115788745,150,,,
1698115789735,56,,,,
1698115789742,,150,,
1698115789744,,,150,
1698115789745,150,,,
1698115790735,56,,,,
1698115790742,,150,,
1698115790744,150,,,
1698115790745,,,150,
1698115791735,56,,,,
1698115791741,,150,,
1698115791744,,,150,
1698115791745,150,,,
1698115792741,56,,,,
1698115792743,,150,,
1698115792745,,,150,
1698115792747,150,,,
1698115793734,56,,,,
1698115793743,,150,150,
1698115793745,150,,,
1698115794734,56,,,,
1698115794742,,150,,
1698115794743,,,150,
1698115794746,150,,,
1698115795734,56,,,,
1698115795742,,150,,
1698115795743,,,150,
1698115795745,150,,,
1698115796735,56,,,,
1698115796742,,150,,
1698115796744,150,,150,
1698115797734,56,,,,
1698115797742,,150,,
1698115797744,150,,150,
1698115798734,56,,,,
1698115798742,,150,,
1698115798744,150,,150,
1698115799734,56,,,,
1698115799742,,150,,
1698115799744,,,150,
1698115799745,150,,,
1698115800736,56,,,,
1698115800745,,150,,
1698115800746,,,150,
1698115800750,150,,,
1698115801735,56,,,,
1698115801742,,150,,
1698115801743,,,150,
1698115801744,150,,,
1698115802734,56,,,,
1698115802741,,150,,
1698115802744,150,,150,
1698115803734,56,,,,
1698115803742,,150,,
1698115803744,150,,150,
1698115804734,56,,,,
1698115804742,,150,,
1698115804744,150,,150,
1698115805735,56,,,,
1698115805742,,150,,
1698115805744,150,,150,
1698115806735,56,,,,
1698115806742,,150,,
1698115806744,,,150,
1698115806745,150,,,
1698115807735,56,,,,
1698115807742,,150,,
1698115807744,150,,150,
1698115808735,56,,,,
1698115808742,,150,,
1698115808743,,,150,
1698115808744,150,,,
1698115809736,56,,,,
1698115809742,,150,,
1698115809744,150,,150,
1698115810734,56,,,,
1698115810741,,150,,
1698115810743,,,150,
1698115810744,150,,,
1698115811734,56,,,,
1698115811742,,150,,
1698115811743,,,150,
1698115811744,150,,,
1698115812734,56,,,,
1698115812742,,150,,
1698115812743,,,150,
1698115812745,150,,,
1698115813734,56,,,,
1698115813742,,150,,
1698115813743,,,150,
1698115813744,150,,,
1698115814734,56,,,,
1698115814742,,150,,
1698115814743,,,150,
1698115814744,150,,,
1698115815734,56,,,,
1698115815741,,150,,
1698115815744,,,150,
1698115815745,150,,,
1698115816734,56,,,,
1698115816741,,150,,
1698115816745,,,150,
1698115816748,150,,,
1698115817734,56,,,,
1698115817741,,150,,
1698115817743,,,150,
1698115817749,150,,,
1698115818734,56,,,,
1698115818742,,150,,
1698115818743,,,150,
1698115818744,150,,,
1698115819734,56,,,,
1698115819742,,150,,
1698115819744,,,150,
1698115819745,150,,,
1698115820734,56,,,,
1698115820742,,150,,
1698115820743,,,150,
1698115820744,150,,,
1698115821734,56,,,,
1698115821741,,150,,
1698115821743,,,150,
1698115821744,150,,,
1698115822734,56,,,,
1698115822741,,150,,
1698115822744,150,,150,
1698115823734,56,,,,
1698115823742,,150,,
1698115823743,,,150,
1698115823744,150,,,
1698115824735,56,,,,
1698115824741,,150,,
1698115824745,150,,150,
1698115825735,56,,,,
1698115825741,,150,,
1698115825743,,,150,
1698115825744,150,,,
1698115826734,56,,,,
1698115826741,,150,,
1698115826744,150,,150,
1698115827734,56,,,,
1698115827742,,150,,
1698115827743,,,150,
1698115827744,150,,,
1698115828734,56,,,,
1698115828741,,150,,
1698115828743,,,150,
1698115828745,150,,,
1698115829734,56,,,,
1698115829742,,150,,
1698115829743,,,150,
1698115829744,150,,,
1698115830734,56,,,,
1698115830741,,150,,
1698115830747,,,150,
1698115830748,150,,,
1698115831734,56,,,,
1698115831741,,150,,
1698115831743,,,150,
1698115831744,150,,,
1698115832734,56,,,,
1698115832741,,150,,
1698115832744,150,,150,
1698115833734,56,,,,
1698115833741,,150,,
1698115833744,150,,150,
1698115834734,56,,,,
1698115834741,,150,,
1698115834743,,,150,
1698115834745,150,,,
1698115835734,56,,,,
1698115835741,,150,,
1698115835744,,,150,
1698115835745,150,,,
1698115836734,56,,,,
1698115836741,,150,,
1698115836744,150,,150,
1698115837734,56,,,,
1698115837741,,150,,
1698115837743,,,150,
1698115837744,150,,,
1698115838734,56,,,,
1698115838741,,150,,
1698115838743,,,150,
1698115838744,150,,,
1698115839734,56,,,,
1698115839742,,150,,
1698115839743,,,150,
1698115839744,150,,,
1698115840734,56,,,,
1698115840741,,150,,
1698115840743,,,150,
1698115840744,150,,,
1698115841734,56,,,,
1698115841741,,150,,
1698115841743,,,150,
1698115841744,150,,,
1698115842734,56,,,,
1698115842741,,150,,
1698115842743,,,150,
1698115842744,150,,,
1698115843733,56,,,,
1698115843741,,150,,
1698115843744,150,,150,
1698115844734,56,,,,
1698115844741,,150,,
1698115844743,,,150,
1698115844744,150,,,
1698115845734,56,,,,
1698115845741,,150,,
1698115845743,,,150,
1698115845744,150,,,
1698115846734,56,,,,
1698115846741,,150,,
1698115846743,,,150,
1698115846745,150,,,
1698115847734,56,,,,
1698115847741,,150,,
1698115847743,,,150,
1698115847744,150,,,
1698115848734,56,,,,
1698115848741,,150,,
1698115848743,,,150,
1698115848745,150,,,
1698115849736,56,,,,
1698115849742,,150,,
1698115849743,,,150,
1698115849744,150,,,
1698115850734,56,,,,
1698115850741,,150,,
1698115850743,,,150,
1698115850744,150,,,
1698115851734,56,,,,
1698115851741,,150,,
1698115851743,,,150,
1698115851744,150,,,
1698115852734,56,,,,
1698115852741,,150,,
1698115852743,,,150,
1698115852744,150,,,
1698115853734,56,,,,
1698115853742,,150,,
1698115853743,,,150,
1698115853744,150,,,
1698115854734,56,,,,
1698115854741,,150,,
1698115854744,,,150,
1698115854745,150,,,
1698115855733,56,,,,
1698115855741,,150,,
1698115855743,,,150,
1698115855745,150,,,
1698115856734,56,,,,
1698115856742,,150,,
1698115856744,,,150,
1698115856746,150,,,
1698115857734,56,,,,
1698115857741,,150,,
1698115857743,,,150,
1698115857745,150,,,
1698115858734,56,,,,
1698115858741,,150,,
1698115858744,,,150,
1698115858746,150,,,
1698115859734,56,,,,
1698115859742,,150,,
1698115859743,,,150,
1698115859745,150,,,
1698115860734,56,,,,
1698115860741,,150,,
1698115860743,,,150,
1698115860744,150,,,
1698115861734,56,,,,
1698115861741,,150,,
1698115861743,,,150,
1698115861744,150,,,
1698115862734,56,,,,
1698115862741,,150,,
1698115862743,,,150,
1698115862744,150,,,
1698115863734,56,,,,
1698115863741,,150,,
1698115863743,,,150,
1698115863744,150,,,
1698115864734,56,,,,
1698115864741,,150,,
1698115864743,,,150,
1698115864744,150,,,
1698115865734,56,,,,
1698115865741,,150,,
1698115865743,,,150,
1698115865745,150,,,
1698115866734,56,,,,
1698115866741,,150,,
1698115866743,,,150,
1698115866744,150,,,
1698115867734,56,,,,
1698115867741,,150,,
1698115867743,,,150,
1698115867744,150,,,
1698115868734,56,,,,
1698115868741,,150,,
1698115868743,,,150,
1698115868744,150,,,
1698115869734,56,,,,
1698115869741,,150,,
1698115869743,,,150,
1698115869745,150,,,
1698115870735,56,,,,
1698115870741,,150,,
1698115870743,,,150,
1698115870744,150,,,
1698115871734,56,,,,
1698115871741,,150,,
1698115871743,,,150,
1698115871744,150,,,
1698115872734,56,,,,
1698115872741,,150,,
1698115872743,,,150,
1698115872745,150,,,
1698115873734,56,,,,
1698115873741,,150,,
1698115873743,,,150,
1698115873745,150,,,
1698115874734,56,,,,
1698115874741,,150,,
1698115874743,,,150,
1698115874744,150,,,
1698115875734,56,,,,
1698115875741,,150,,
1698115875743,,,150,
1698115875744,150,,,
1698115876733,56,,,,
1698115876741,,150,,
1698115876743,,,150,
1698115876744,150,,,
1698115877734,56,,,,
1698115877741,,150,,
1698115877743,,,150,
1698115877744,150,,,
1698115878734,56,,,,
1698115878741,,150,,
1698115878743,,,150,
1698115878744,150,,,
1698115879734,56,,,,
1698115879741,,150,,
1698115879743,,,150,
1698115879744,150,,,
1698115880734,56,,,,
1698115880741,,150,,
1698115880743,,,150,
1698115880744,150,,,
1698115881734,56,,,,
1698115881741,,150,,
1698115881743,,,150,
1698115881744,150,,,
1698115882734,56,,,,
1698115882741,,150,,
1698115882743,,,150,
1698115882744,150,,,
1698115883733,56,,,,
1698115883741,,150,,
1698115883743,,,150,
1698115883744,150,,,
1698115884734,56,,,,
1698115884741,,150,,
1698115884743,,,150,
1698115884744,150,,,
1698115885734,56,,,,
1698115885741,,150,,
1698115885743,,,150,
1698115885744,150,,,
1698115886733,56,,,,
1698115886741,,150,,
1698115886743,,,150,
1698115886744,150,,,
1698115887733,56,,,,
1698115887741,,150,,
1698115887744,150,,,
1698115887745,,,150,
1698115888734,56,,,,
1698115888742,,150,,
1698115888743,,,150,
1698115888748,150,,,
1698115889734,56,,,,
1698115889741,,150,,
1698115889743,,,150,
1698115889746,150,,,
1698115890733,56,,,,
1698115890741,,150,,
1698115890743,,,150,
1698115890744,150,,,
1698115891733,56,,,,
1698115891742,,150,,
1698115891743,,,150,
1698115891744,150,,,
1698115892734,56,,,,
1698115892741,,150,,
1698115892743,,,150,
1698115892745,150,,,
1698115893734,56,,,,
1698115893741,,150,,
1698115893743,,,150,
1698115893744,150,,,
1698115894734,56,,,,
1698115894741,,150,,
1698115894743,,,150,
1698115894744,150,,,
1698115895734,56,,,,
1698115895741,,150,,
1698115895743,,,150,
1698115895744,150,,,
1698115896734,56,,,,
1698115896741,,150,,
1698115896743,,,150,
1698115896744,150,,,
1698115897734,56,,,,
1698115897742,,150,,
1698115897743,,,150,
1698115897745,150,,,
1698115898734,56,,,,
1698115898741,,150,,
1698115898743,,,150,
1698115898745,150,,,
1698115899734,56,,,,
1698115899741,,150,,
1698115899743,,,150,
1698115899744,150,,,
1698115900734,56,,,,
1698115900741,,150,,
1698115900743,,,150,
1698115900744,150,,,
1698115901734,56,,,,
1698115901741,,150,,
1698115901743,,,150,
1698115901747,150,,,
1698115902733,56,,,,
1698115902741,,150,,
1698115902743,,,150,
1698115902744,150,,,
1698115903734,56,,,,
1698115903741,,150,,
1698115903743,,,150,
1698115903744,150,,,
1698115904734,56,,,,
1698115904741,,150,,
1698115904743,,,150,
1698115904745,150,,,
1698115905734,56,,,,
1698115905741,,150,,
1698115905743,,,150,
1698115905744,150,,,
1698115906734,56,,,,
1698115906741,,150,,
1698115906743,,,150,
1698115906744,150,,,
1698115907734,56,,,,
1698115907741,,150,,
1698115907743,,,150,
1698115907744,150,,,
1698115908734,56,,,,
1698115908741,,150,,
1698115908743,,,150,
1698115908744,150,,,
1698115909734,56,,,,
1698115909741,,150,,
1698115909743,,,150,
1698115909744,150,,,
1698115910734,56,,,,
1698115910741,,150,,
1698115910743,,,150,
1698115910744,150,,,
1698115911734,56,,,,
1698115911741,,150,,
1698115911743,,,150,
1698115911744,150,,,
1698115912734,56,,,,
1698115912741,,150,,
1698115912743,,,150,
1698115912744,150,,,
1698115913734,56,,,,
1698115913741,,150,,
1698115913744,150,,150,
1698115914734,56,,,,
1698115914741,,150,,
1698115914743,,,150,
1698115914744,150,,,
1698115915734,56,,,,
1698115915741,,150,,
1698115915743,,,150,
1698115915744,150,,,
1698115916734,56,,,,
1698115916741,,150,,
1698115916743,,,150,
1698115916745,150,,,
1698115917734,56,,,,
1698115917741,,150,,
1698115917743,,,150,
1698115917744,150,,,
1698115918734,56,,,,
1698115918741,,150,,
1698115918743,,,150,
1698115918745,150,,,
1698115919734,56,,,,
1698115919741,,150,,
1698115919743,,,150,
1698115919744,150,,,
1698115920734,56,,,,
1698115920741,,150,,
1698115920743,,,150,
1698115920746,150,,,
1698115921733,56,,,,
1698115921741,,150,,
1698115921743,,,150,
1698115921744,150,,,
1698115922734,56,,,,
1698115922741,,150,,
1698115922743,,,150,
1698115922744,150,,,
1698115923733,56,,,,
1698115923741,,150,,
1698115923743,,,150,
1698115923744,150,,,
1698115924734,56,,,,
1698115924741,,150,,
1698115924743,,,150,
1698115924744,150,,,
1698115925733,56,,,,
1698115925741,,150,,
1698115925743,,,150,
1698115925744,150,,,
1698115926734,56,,,,
1698115926741,,150,,
1698115926743,,,150,
1698115926744,150,,,
1698115927734,56,,,,
1698115927741,,150,,
1698115927743,,,150,
1698115927744,150,,,
1698115928734,56,,,,
1698115928741,,150,,
1698115928743,,,150,
1698115928744,150,,,
1698115929734,56,,,,
1698115929741,,150,,
1698115929743,,,150,
1698115929744,150,,,
1698115930734,56,,,,
1698115930741,,150,,
1698115930743,,,150,
1698115930744,150,,,
1698115931734,56,,,,
1698115931741,,150,,
1698115931743,,,150,
1698115931744,150,,,
1698115932734,56,,,,
1698115932741,,150,,
1698115932743,,,150,
1698115932745,150,,,
1698115933734,56,,,,
1698115933741,,150,,
1698115933743,,,150,
1698115933744,150,,,
1698115934734,56,,,,
1698115934741,,150,,
1698115934743,,,150,
1698115934744,150,,,
1698115935734,56,,,,
1698115935741,,150,,
1698115935743,,,150,
1698115935744,150,,,
1698115936734,56,,,,
1698115936741,,150,,
1698115936743,,,150,
1698115936744,150,,,
1698115937734,56,,,,
1698115937741,,150,,
1698115937743,,,150,
1698115937744,150,,,
1698115938734,56,,,,
1698115938741,,150,,
1698115938743,,,150,
1698115938744,150,,,
1698115939734,56,,,,
1698115939741,,150,,
1698115939743,,,150,
1698115939744,150,,,
1698115940734,56,,,,
1698115940741,,150,,
1698115940743,,,150,
1698115940744,150,,,
1698115941734,56,,,,
1698115941741,,150,,
1698115941743,,,150,
1698115941744,150,,,
1698115942734,56,,,,
1698115942741,,150,,
1698115942743,,,150,
1698115942744,150,,,
1698115943734,56,,,,
1698115943741,,150,,
1698115943744,150,,150,
1698115944734,56,,,,
1698115944741,,150,,
1698115944743,,,150,
1698115944744,150,,,
1698115945734,56,,,,
1698115945741,,150,,
1698115945743,,,150,
1698115945744,150,,,
1698115946733,56,,,,
1698115946741,,150,,
1698115946743,,,150,
1698115946744,150,,,
1698115947734,56,,,,
1698115947741,,150,,
1698115947743,,,150,
1698115947744,150,,,
1698115948734,56,,,,
1698115948741,,150,,
1698115948743,,,150,
1698115948744,150,,,
1698115949734,56,,,,
1698115949741,,150,,
1698115949743,,,150,
1698115949744,150,,,
1698115950733,56,,,,
1698115950741,,150,,
1698115950743,,,150,
1698115950744,150,,,
1698115951733,56,,,,
1698115951741,,150,,
1698115951743,,,150,
1698115951744,150,,,
1698115952733,56,,,,
1698115952741,,150,,
1698115952743,,,150,
1698115952744,150,,,
1698115953734,56,,,,
1698115953741,,150,,
1698115953743,,,150,
1698115953744,150,,,
1698115954734,56,,,,
1698115954741,,150,,
1698115954743,,,150,
1698115954744,150,,,
1698115955734,56,,,,
1698115955741,,150,,
1698115955743,,,150,
1698115955744,150,,,
1698115956734,56,,,,
1698115956741,,150,,
1698115956743,,,150,
1698115956744,150,,,
1698115957734,56,,,,
1698115957741,,150,,
1698115957743,,,150,
1698115957744,150,,,
1698115958734,56,,,,
1698115958741,,150,,
1698115958743,,,150,
1698115958744,150,,,
1698115959734,56,,,,
1698115959741,,150,,
1698115959743,,,150,
1698115959744,150,,,
1698115960733,56,,,,
1698115960741,,150,,
1698115960743,,,150,
1698115960744,150,,,
1698115961734,56,,,,
1698115961741,,150,,
1698115961743,,,150,
1698115961745,150,,,
1698115962734,56,,,,
1698115962741,,150,,
1698115962743,,,150,
1698115962744,150,,,
1698115963734,56,,,,
1698115963741,,150,,
1698115963743,,,150,
1698115963744,150,,,
1698115964734,56,,,,
1698115964741,,150,,
1698115964743,,,150,
1698115964744,150,,,
1698115965734,56,,,,
1698115965741,,150,,
1698115965743,,,150,
1698115965744,150,,,
1698115966734,56,,,,
1698115966741,,150,,
1698115966743,,,150,
1698115966744,150,,,
1698115967734,56,,,,
1698115967741,,150,,
1698115967743,,,150,
1698115967745,150,,,
1698115968734,56,,,,
1698115968741,,150,,
1698115968743,,,150,
1698115968744,150,,,
1698115969734,56,,,,
1698115969741,,150,,
1698115969743,,,150,
1698115969744,150,,,
1698115970734,56,,,,
1698115970741,,150,,
1698115970743,,,150,
1698115970744,150,,,
1698115971734,56,,,,
1698115971741,,150,,
1698115971743,,,150,
1698115971744,150,,,
1698115972734,56,,,,
1698115972741,,150,,
1698115972743,,,150,
1698115972744,150,,,
1698115973734,56,,,,
1698115973741,,150,,
1698115973743,,,150,
1698115973744,150,,,
1698115974734,56,,,,
1698115974741,,150,,
1698115974743,,,150,
1698115974744,150,,,
1698115975734,56,,,,
1698115975741,,150,,
1698115975743,,,150,
1698115975744,150,,,
1698115976734,56,,,,
1698115976741,,150,,
1698115976744,,,150,
1698115976745,150,,,
1698115977734,56,,,,
1698115977741,,150,,
1698115977743,,,150,
1698115977745,150,,,
1698115978734,56,,,,
1698115978741,,150,,
1698115978743,,,150,
1698115978744,150,,,
1698115979734,56,,,,
1698115979741,,150,,
1698115979743,,,150,
1698115979744,150,,,
1698115980734,56,,,,
1698115980741,,150,,
1698115980743,,,150,
1698115980745,150,,,
1698115981733,56,,,,
1698115981741,,150,,
1698115981743,,,150,
1698115981747,150,,,
1698115982734,56,,,,
1698115982741,,150,,
1698115982743,,,150,
1698115982744,150,,,
1698115983734,56,,,,
1698115983741,,150,,
1698115983743,,,150,
1698115983744,150,,,
1698115984734,56,,,,
1698115984741,,150,,
1698115984743,,,150,
1698115984745,150,,,
1698115985734,56,,,,
1698115985741,,150,,
1698115985743,,,150,
1698115985744,150,,,
1698115986734,56,,,,
1698115986741,,150,,
1698115986743,,,150,
1698115986744,150,,,
1698115987734,56,,,,
1698115987741,,150,,
1698115987743,,,150,
1698115987744,150,,,
1698115988734,56,,,,
1698115988741,,150,,
1698115988743,,,150,
1698115988744,150,,,
1698115989734,56,,,,
1698115989741,,150,,
1698115989743,,,150,
1698115989744,150,,,
1698115990734,56,,,,
1698115990741,,150,,
1698115990743,,,150,
1698115990744,150,,,
1698115991734,56,,,,
1698115991741,,150,,
1698115991743,,,150,
1698115991744,150,,,
1698115992734,56,,,,
1698115992741,,150,,
1698115992743,,,150,
1698115992744,150,,,
1698115993734,56,,,,
1698115993741,,150,,
1698115993743,,,150,
1698115993744,150,,,
1698115994734,56,,,,
1698115994741,,150,,
1698115994743,,,150,
1698115994744,150,,,
1698115995735,56,,,,
1698115995742,,150,,
1698115995743,,,150,
1698115995744,150,,,
1698115996733,56,,,,
1698115996742,,150,,
1698115996743,,,150,
1698115996745,150,,,
1698115997734,56,,,,
1698115997741,,150,,
1698115997743,,,150,
1698115997744,150,,,
1698115998733,56,,,,
1698115998741,,150,,
1698115998743,,,150,
1698115998744,150,,,
1698115999733,56,,,,
1698115999741,,150,,
1698115999743,,,150,
1698115999744,150,,,
1698116000734,56,,,,
1698116000741,,150,,
1698116000743,,,150,
1698116000744,150,,,
1698116001733,56,,,,
1698116001741,,150,,
1698116001743,,,150,
1698116001744,150,,,
1698116002734,56,,,,
1698116002741,,150,,
1698116002743,,,150,
1698116002744,150,,,
1698116003734,56,,,,
1698116003741,,150,,
1698116003743,,,150,
1698116003744,150,,,
1698116004733,56,,,,
1698116004741,,150,,
1698116004743,,,150,
1698116004746,150,,,
1698116005733,56,,,,
1698116005741,,150,,
1698116005743,,,150,
1698116005745,150,,,
1698116006734,56,,,,
1698116006741,,150,,
1698116006743,,,150,
1698116006744,150,,,
1698116007735,56,,,,
1698116007741,,150,,
1698116007743,,,150,
1698116007744,150,,,
1698116008734,56,,,,
1698116008741,,150,,
1698116008743,,,150,
1698116008744,150,,,
1698116009734,56,,,,
1698116009741,,150,,
1698116009743,,,150,
1698116009744,150,,,
1698116010733,56,,,,
1698116010741,,150,,
1698116010743,,,150,
1698116010744,150,,,
1698116011734,56,,,,
1698116011741,,150,,
1698116011743,,,150,
1698116011744,150,,,
1698116012733,56,,,,
1698116012741,,150,,
1698116012743,,,150,
1698116012745,150,,,
1698116013734,56,,,,
1698116013741,,150,,
1698116013743,,,150,
1698116013744,150,,,
1698116014733,56,,,,
1698116014741,,150,,
1698116014743,,,150,
1698116014744,150,,,
1698116015734,56,,,,
1698116015741,,150,,
1698116015743,,,150,
1698116015744,150,,,
1698116016733,56,,,,
1698116016741,,150,,
1698116016743,,,150,
1698116016744,150,,,
1698116017734,56,,,,
1698116017741,,150,,
1698116017743,,,150,
1698116017744,150,,,
1698116018734,56,,,,
1698116018741,,150,,
1698116018743,,,150,
1698116018744,150,,,
1698116019733,56,,,,
1698116019741,,150,,
1698116019743,,,150,
1698116019744,150,,,
1698116020733,56,,,,
1698116020741,,150,,
1698116020743,,,150,
1698116020744,150,,,
1698116021734,56,,,,
1698116021741,,150,,
1698116021743,,,150,
1698116021744,150,,,
1698116022734,56,,,,
1698116022741,,150,,
1698116022743,,,150,
1698116022744,150,,,
1698116023734,56,,,,
1698116023741,,150,,
1698116023743,,,150,
1698116023744,150,,,
1698116024734,56,,,,
1698116024741,,150,,
1698116024743,,,150,
1698116024744,150,,,
1698116025733,56,,,,
1698116025741,,150,,
1698116025743,,,150,
1698116025744,150,,,
1698116026733,56,,,,
1698116026741,,150,,
1698116026743,,,150,
1698116026744,150,,,
1698116027734,56,,,,
1698116027741,,150,,
1698116027743,,,150,
1698116027744,150,,,
1698116028733,56,,,,
1698116028741,,150,,
1698116028743,,,150,
1698116028744,150,,,
1698116029733,56,,,,
1698116029741,,150,,
1698116029744,150,,,
1698116029746,,,150,
1698116030734,56,,,,
1698116030741,,150,,
1698116030743,,,150,
1698116030745,150,,,
1698116031734,56,,,,
1698116031741,,150,,
1698116031743,,,150,
1698116031744,150,,,
1698116032734,56,,,,
1698116032741,,150,,
1698116032743,,,150,
1698116032744,150,,,
1698116033733,56,,,,
1698116033741,,150,,
1698116033743,,,150,
1698116033744,150,,,
1698116034734,56,,,,
1698116034741,,150,,
1698116034743,,,150,
1698116034744,150,,,
1698116035734,56,,,,
1698116035741,,150,,
1698116035743,,,150,
1698116035744,150,,,
1698116036733,56,,,,
1698116036741,,150,,
1698116036743,,,150,
1698116036744,150,,,
1698116037733,56,,,,
1698116037741,,150,,
1698116037743,,,150,
1698116037744,150,,,
1698116038734,56,,,,
1698116038741,,150,,
1698116038743,,,150,
1698116038744,150,,,
1698116039733,56,,,,
1698116039741,,150,,
1698116039744,,,150,
1698116039746,150,,,
1698116040733,56,,,,
1698116040741,,150,,
1698116040744,150,,150,
1698116041734,56,,,,
1698116041741,,150,,
1698116041743,,,150,
1698116041744,150,,,
1698116042734,56,,,,
1698116042741,,150,,
1698116042743,,,150,
1698116042744,150,,,
1698116043734,56,,,,
1698116043741,,150,,
1698116043743,,,150,
1698116043744,150,,,
1698116044734,56,,,,
1698116044741,,150,,
1698116044743,,,150,
1698116044744,150,,,
1698116045734,56,,,,
1698116045741,,150,,
1698116045743,,,150,
1698116045744,150,,,
1698116046734,56,,,,
1698116046741,,150,,
1698116046743,,,150,
1698116046744,150,,,
1698116047734,56,,,,
1698116047741,,150,,
1698116047743,,,150,
1698116047744,150,,,
1698116048734,56,,,,
1698116048741,,150,,
1698116048743,,,150,
1698116048744,150,,,
1698116049734,56,,,,
1698116049741,,150,,
1698116049743,,,150,
1698116049744,150,,,
1698116050734,56,,,,
1698116050741,,150,,
1698116050743,,,150,
1698116050745,150,,,
1698116051734,56,,,,
1698116051741,,150,,
1698116051743,,,150,
1698116051744,150,,,
1698116052733,56,,,,
1698116052741,,150,,
1698116052743,,,150,
1698116052744,150,,,
1698116053734,56,,,,
1698116053741,,150,,
1698116053743,,,150,
1698116053748,150,,,
1698116054733,56,,,,
1698116054741,,150,,
1698116054743,,,150,
1698116054744,150,,,
1698116055734,56,,,,
1698116055741,,150,,
1698116055743,,,150,
1698116055744,150,,,
1698116056734,56,,,,
1698116056742,,150,,
1698116056744,150,,,
1698116056757,,,150,
1698116057733,56,,,,
1698116057741,,150,,
1698116057743,,,150,
1698116057744,150,,,
1698116058733,56,,,,
1698116058741,,150,,
1698116058743,,,150,
1698116058744,150,,,
1698116059734,56,,,,
1698116059741,,150,,
1698116059743,,,150,
1698116059744,150,,,
1698116060734,56,,,,
1698116060741,,150,,
1698116060743,,,150,
1698116060744,150,,,
1698116061734,56,,,,
1698116061741,,150,,
1698116061743,,,150,
1698116061744,150,,,
1698116062734,56,,,,
1698116062741,,150,,
1698116062743,,,150,
1698116062744,150,,,
1698116063734,56,,,,
1698116063741,,150,,
1698116063743,,,150,
1698116063744,150,,,
1698116064734,56,,,,
1698116064741,,150,,
1698116064743,,,150,
1698116064744,150,,,
1698116065734,56,,,,
1698116065741,,150,,
1698116065743,,,150,
1698116065744,150,,,
1698116066734,56,,,,
1698116066741,,150,,
1698116066743,,,150,
1698116066744,150,,,
1698116067734,56,,,,
1698116067741,,150,,
1698116067743,,,150,
1698116067744,150,,,
1698116068733,56,,,,
1698116068741,,150,,
1698116068743,,,150,
1698116068744,150,,,
1698116069733,56,,,,
1698116069741,,150,,
1698116069743,,,150,
1698116069744,150,,,
1698116070733,56,,,,
1698116070741,,150,,
1698116070743,,,150,
1698116070744,150,,,
1698116071734,56,,,,
1698116071741,,150,,
1698116071743,,,150,
1698116071744,150,,,
1698116072734,56,,,,
1698116072741,,150,,
1698116072743,,,150,
1698116072744,150,,,
1698116073734,56,,,,
1698116073741,,150,,
1698116073743,,,150,
1698116073744,150,,,
1698116074733,56,,,,
1698116074741,,150,,
1698116074743,,,150,
1698116074744,150,,,
1698116075733,56,,,,
1698116075741,,150,,
1698116075743,,,150,
1698116075744,150,,,
1698116076734,56,,,,
1698116076741,,150,,
1698116076743,,,150,
1698116076744,150,,,
1698116077734,56,,,,
1698116077741,,150,,
1698116077743,,,150,
1698116077744,150,,,
1698116078733,56,,,,
1698116078741,,150,,
1698116078744,150,,150,
1698116079734,56,,,,
1698116079741,,150,,
1698116079743,,,150,
1698116079748,150,,,
1698116080733,56,,,,
1698116080741,,150,,
1698116080743,,,150,
1698116080744,150,,,
1698116081734,56,,,,
1698116081741,,150,,
1698116081743,,,150,
1698116081744,150,,,
1698116082734,56,,,,
1698116082741,,150,,
1698116082743,,,150,
1698116082744,150,,,
1698116083736,56,,,,
1698116083741,,150,,
1698116083743,,,150,
1698116083744,150,,,
1698116084734,56,,,,
1698116084741,,150,,
1698116084743,,,150,
1698116084744,150,,,
1698116085734,56,,,,
1698116085741,,150,,
1698116085743,,,150,
1698116085744,150,,,
1698116086734,56,,,,
1698116086741,,150,,
1698116086743,,,150,
1698116086744,150,,,
1698116087734,56,,,,
1698116087741,,150,,
1698116087743,,,150,
1698116087744,150,,,
1698116088733,56,,,,
1698116088741,,150,,
1698116088743,,,150,
1698116088744,150,,,
1698116089733,56,,,,
1698116089741,,150,,
1698116089743,,,150,
1698116089744,150,,,
1698116090733,56,,,,
1698116090741,,150,,
1698116090743,,,150,
1698116090744,150,,,
1698116091734,56,,,,
1698116091741,,150,,
1698116091743,,,150,
1698116091744,150,,,
1698116092733,56,,,,
1698116092741,,150,,
1698116092743,,,150,
1698116092744,150,,,
1698116093733,56,,,,
1698116093741,,150,,
1698116093743,,,150,
1698116093744,150,,,
1698116094734,56,,,,
1698116094741,,150,,
1698116094743,,,150,
1698116094744,150,,,
1698116095734,56,,,,
1698116095741,,150,,
1698116095743,,,150,
1698116095744,150,,,
1698116096734,56,,,,
1698116096741,,150,,
1698116096743,,,150,
1698116096744,150,,,
1698116097734,56,,,,
1698116097741,,150,,
1698116097743,,,150,
1698116097746,150,,,
1698116098734,56,,,,
1698116098741,,150,,
1698116098743,,,150,
1698116098744,150,,,
1698116099734,56,,,,
1698116099741,,150,,
1698116099743,,,150,
1698116099744,150,,,
1698116100733,56,,,,
1698116100741,,150,,
1698116100743,,,150,
1698116100744,150,,,
1698116101733,56,,,,
1698116101741,,150,,
1698116101743,,,150,
1698116101746,150,,,
1698116102733,56,,,,
1698116102741,,150,,
1698116102743,,,150,
1698116102744,150,,,
1698116103733,56,,,,
1698116103741,,150,,
1698116103743,,,150,
1698116103744,150,,,
1698116104734,56,,,,
1698116104741,,150,,
1698116104743,,,150,
1698116104744,150,,,
1698116105733,56,,,,
1698116105741,,150,,
1698116105743,,,150,
1698116105744,150,,,
1698116106734,56,,,,
1698116106741,,150,,
1698116106743,,,150,
1698116106744,150,,,
1698116107734,56,,,,
1698116107741,,150,,
1698116107744,150,,150,
1698116108734,56,,,,
1698116108741,,150,,
1698116108743,,,150,
1698116108744,150,,,
1698116109734,56,,,,
1698116109741,,150,,
1698116109743,,,150,
1698116109744,150,,,
1698116110733,56,,,,
1698116110741,,150,,
1698116110743,,,150,
1698116110744,150,,,
1698116111733,56,,,,
1698116111741,,150,,
1698116111743,,,150,
1698116111744,150,,,
1698116112733,56,,,,
1698116112741,,150,,
1698116112743,,,150,
1698116112744,150,,,
1698116113733,56,,,,
1698116113741,,150,,
1698116113743,,,150,
1698116113745,150,,,
1698116114733,56,,,,
1698116114741,,150,,
1698116114743,,,150,
1698116114744,150,,,
1698116115734,56,,,,
1698116115741,,150,,
1698116115743,,,150,
1698116115744,150,,,
1698116116733,56,,,,
1698116116741,,150,,
1698116116743,,,150,
1698116116744,150,,,
1698116117733,56,,,,
1698116117741,,150,,
1698116117743,,,150,
1698116117744,150,,,
1698116118734,56,,,,
1698116118741,,150,,
1698116118743,,,150,
1698116118744,150,,,
1698116119734,56,,,,
1698116119741,,150,,
1698116119743,,,150,
1698116119744,150,,,
1698116120734,56,,,,
1698116120741,,150,,
1698116120743,,,150,
1698116120745,150,,,
1698116121734,56,,,,
1698116121741,,150,,
1698116121743,,,150,
1698116121745,150,,,
1698116122734,56,,,,
1698116122741,,150,,
1698116122743,,,150,
1698116122744,150,,,
1698116123734,56,,,,
1698116123741,,150,,
1698116123743,,,150,
1698116123744,150,,,
1698116124734,56,,,,
1698116124741,,150,,
1698116124743,,,150,
1698116124744,150,,,
1698116125734,56,,,,
1698116125741,,150,,
1698116125743,,,150,
1698116125744,150,,,
1698116126733,56,,,,
1698116126741,,150,,
1698116126743,,,150,
1698116126744,150,,,
1698116127733,56,,,,
1698116127741,,150,,
1698116127743,,,150,
1698116127744,150,,,
1698116128733,56,,,,
1698116128741,,150,,
1698116128743,,,150,
1698116128744,150,,,
1698116129734,56,,,,
1698116129741,,150,,
1698116129743,,,150,
1698116129744,150,,,
1698116130733,56,,,,
1698116130741,,150,,
1698116130743,,,150,
1698116130744,150,,,
1698116131733,56,,,,
1698116131741,,150,,
1698116131743,,,150,
1698116131744,150,,,
1698116132734,56,,,,
1698116132741,,150,,
1698116132743,,,150,
1698116132744,150,,,
1698116133734,56,,,,
1698116133741,,150,,
1698116133743,,,150,
1698116133745,150,,,
1698116134733,56,,,,
1698116134741,,150,,
1698116134743,,,150,
1698116134744,150,,,
1698116135733,56,,,,
1698116135741,,150,,
1698116135743,,,150,
1698116135762,150,,,
1698116136734,56,,,,
1698116136741,,150,,
1698116136743,,,150,
1698116136744,150,,,
1698116137734,56,,,,
1698116137741,,150,,
1698116137743,,,150,
1698116137744,150,,,
1698116138733,56,,,,
1698116138741,,150,,
1698116138743,,,150,
1698116138744,150,,,
1698116139734,56,,,,
1698116139741,,150,,
1698116139743,,,150,
1698116139744,150,,,
1698116140733,56,,,,
1698116140741,,150,,
1698116140743,,,150,
1698116140748,150,,,
1698116141733,56,,,,
1698116141741,,150,,
1698116141743,,,150,
1698116141744,150,,,
1698116142733,56,,,,
1698116142741,,150,,
1698116142743,,,150,
1698116142744,150,,,
1698116143733,56,,,,
1698116143741,,150,,
1698116143743,,,150,
1698116143744,150,,,
1698116144733,56,,,,
1698116144741,,150,,
1698116144743,,,150,
1698116144744,150,,,
1698116145733,56,,,,
1698116145741,,150,,
1698116145743,,,150,
1698116145744,150,,,
1698116146733,56,,,,
1698116146741,,150,,
1698116146743,,,150,
1698116146744,150,,,
1698116147734,56,,,,
1698116147741,,150,,
1698116147743,,,150,
1698116147744,150,,,
1698116148734,56,,,,
1698116148741,,150,,
1698116148743,,,150,
1698116148744,150,,,
1698116149733,56,,,,
1698116149741,,150,,
1698116149743,,,150,
1698116149744,150,,,
1698116150734,56,,,,
1698116150741,,150,,
1698116150743,,,150,
1698116150744,150,,,
1698116151733,56,,,,
1698116151741,,150,,
1698116151743,,,150,
1698116151744,150,,,
1698116152733,56,,,,
1698116152741,,150,,
1698116152743,,,150,
1698116152744,150,,,
1698116153734,56,,,,
1698116153741,,150,,
1698116153743,,,150,
1698116153744,150,,,
1698116154733,56,,,,
1698116154741,,150,,
1698116154743,,,150,
1698116154744,150,,,
1698116155734,56,,,,
1698116155741,,150,,
1698116155743,,,150,
1698116155744,150,,,
1698116156734,56,,,,
1698116156741,,150,,
1698116156743,,,150,
1698116156744,150,,,
1698116157734,56,,,,
1698116157741,,150,,
1698116157743,,,150,
1698116157744,150,,,
1698116158734,56,,,,
1698116158741,,150,,
1698116158743,,,150,
1698116158744,150,,,
1698116159734,56,,,,
1698116159741,,150,,
1698116159743,,,150,
1698116159744,150,,,
1698116160734,56,,,,
1698116160741,,150,,
1698116160743,,,150,
1698116160744,150,,,
1698116161734,56,,,,
1698116161741,,150,,
1698116161743,,,150,
1698116161744,150,,,
1698116162734,56,,,,
1698116162741,,150,,
1698116162743,,,150,
1698116162744,150,,,
1698116163733,56,,,,
1698116163741,,150,,
1698116163743,,,150,
1698116163744,150,,,
1698116164734,56,,,,
1698116164741,,150,,
1698116164743,,,150,
1698116164744,150,,,
1698116165733,56,,,,
1698116165741,,150,,
1698116165743,,,150,
1698116165746,150,,,
1698116166733,56,,,,
1698116166741,,150,,
1698116166743,,,150,
1698116166748,150,,,
1698116167733,56,,,,
1698116167741,,150,,
1698116167743,,,150,
1698116167746,150,,,
1698116168734,56,,,,
1698116168741,,150,,
1698116168743,,,150,
1698116168744,150,,,
1698116169734,56,,,,
1698116169741,,150,,
1698116169743,,,150,
1698116169744,150,,,
1698116170733,56,,,,
1698116170741,,150,,
1698116170743,,,150,
1698116170744,150,,,
1698116171733,56,,,,
1698116171741,,150,,
1698116171743,,,150,
1698116171744,150,,,
1698116172733,56,,,,
1698116172741,,150,,
1698116172744,150,,150,
1698116173734,56,,,,
1698116173741,,150,,
1698116173743,,,150,
1698116173744,150,,,
1698116174733,56,,,,
1698116174741,,150,,
1698116174743,,,150,
1698116174745,150,,,
1698116175733,56,,,,
1698116175741,,150,,
1698116175743,,,150,
1698116175744,150,,,
1698116176733,56,,,,
1698116176741,,150,,
1698116176743,,,150,
1698116176746,150,,,
1698116177734,56,,,,
1698116177741,,150,,
1698116177743,,,150,
1698116177744,150,,,
1698116178734,56,,,,
1698116178741,,150,,
1698116178743,,,150,
1698116178744,150,,,
1698116179734,56,,,,
1698116179741,,150,,
1698116179743,,,150,
1698116179744,150,,,
1698116180734,56,,,,
1698116180741,,150,,
1698116180743,,,150,
1698116180744,150,,,
1698116181733,56,,,,
1698116181741,,150,,
1698116181743,,,150,
1698116181744,150,,,
1698116182733,56,,,,
1698116182741,,150,,
1698116182743,,,150,
1698116182744,150,,,
1698116183733,56,,,,
1698116183741,,150,,
1698116183743,,,150,
1698116183744,150,,,
1698116184733,56,,,,
1698116184741,,150,,
1698116184743,,,150,
1698116184745,150,,,
1698116185734,56,,,,
1698116185741,,150,,
1698116185743,,,150,
1698116185744,150,,,
1698116186734,56,,,,
1698116186741,,150,,
1698116186743,,,150,
1698116186744,150,,,
1698116187734,56,,,,
1698116187741,,150,,
1698116187743,,,150,
1698116187744,150,,,
1698116188734,56,,,,
1698116188741,,150,,
1698116188743,,,150,
1698116188744,150,,,
1698116189733,56,,,,
1698116189741,,150,,
1698116189743,,,150,
1698116189744,150,,,
1698116190733,56,,,,
1698116190741,,150,,
1698116190743,,,150,
1698116190744,150,,,
1698116191733,56,,,,
1698116191741,,150,,
1698116191743,,,150,
1698116191744,150,,,
1698116192733,56,,,,
1698116192741,,150,,
1698116192743,,,150,
1698116192744,150,,,
1698116193733,56,,,,
1698116193742,,150,,
1698116193743,,,150,
1698116193744,150,,,
1698116194734,56,,,,
1698116194741,,150,,
1698116194743,,,150,
1698116194745,150,,,
1698116195733,56,,,,
1698116195741,,150,,
1698116195743,,,150,
1698116195745,150,,,
1698116196733,56,,,,
1698116196741,,150,,
1698116196743,,,150,
1698116196744,150,,,
1698116197733,56,,,,
1698116197741,,150,,
1698116197743,,,150,
1698116197744,150,,,
1698116198733,56,,,,
1698116198741,,150,,
1698116198743,,,150,
1698116198744,150,,,
1698116199733,56,,,,
1698116199741,,150,,
1698116199743,,,150,
1698116199744,150,,,
1698116200733,56,,,,
1698116200742,,150,,
1698116200743,,,150,
1698116200749,150,,,
1698116201733,56,,,,
1698116201741,,150,,
1698116201743,,,150,
1698116201744,150,,,
1698116202733,56,,,,
1698116202741,,150,,
1698116202743,,,150,
1698116202744,150,,,
1698116203734,56,,,,
1698116203741,,150,,
1698116203743,,,150,
1698116203744,150,,,
1698116204733,56,,,,
1698116204741,,150,,
1698116204743,,,150,
1698116204744,150,,,
1698116205734,56,,,,
1698116205741,,150,,
1698116205743,,,150,
1698116205744,150,,,
1698116206733,56,,,,
1698116206741,,150,,
1698116206743,,,150,
1698116206744,150,,,
1698116207734,56,,,,
1698116207741,,150,,
1698116207743,,,150,
1698116207744,150,,,
1698116208734,56,,,,
1698116208741,,150,,
1698116208749,,,150,
1698116208751,150,,,
1698116209734,56,,,,
1698116209741,,150,,
1698116209743,,,150,
1698116209744,150,,,
1698116210733,56,,,,
1698116210741,,150,,
1698116210743,,,150,
1698116210764,150,,,
1698116211733,56,,,,
1698116211741,,150,,
1698116211743,,,150,
1698116211750,150,,,
1698116212733,56,,,,
1698116212741,,150,,
1698116212743,,,150,
1698116212744,150,,,
1698116213733,56,,,,
1698116213741,,150,,
1698116213743,,,150,
1698116213744,150,,,
1698116214734,56,,,,
1698116214741,,150,,
1698116214743,,,150,
1698116214750,150,,,
1698116215734,56,,,,
1698116215741,,150,,
1698116215743,,,150,
1698116215744,150,,,
1698116216733,56,,,,
1698116216743,,150,,
1698116216744,150,,150,
1698116217734,56,,,,
1698116217743,,150,150,
1698116217744,150,,,
1698116218734,56,,,,
1698116218743,,150,150,
1698116218744,150,,,
1698116219733,56,,,,
1698116219741,,150,,
1698116219743,,,150,
1698116219744,150,,,
1698116220734,56,,,,
1698116220741,,150,,
1698116220743,,,150,
1698116220750,150,,,
1698116221734,56,,,,
1698116221741,,150,,
1698116221743,,,150,
1698116221744,150,,,
1698116222734,56,,,,
1698116222741,,150,,
1698116222743,,,150,
1698116222744,150,,,
1698116223734,56,,,,
1698116223741,,150,,
1698116223743,,,150,
1698116223744,150,,,
1698116224733,56,,,,
1698116224741,,150,,
1698116224743,,,150,
1698116224744,150,,,
1698116225733,56,,,,
1698116225741,,150,,
1698116225743,,,150,
1698116225744,150,,,
1698116226733,56,,,,
1698116226741,,150,,
1698116226743,,,150,
1698116226744,150,,,
1698116227733,56,,,,
1698116227741,,150,,
1698116227743,,,150,
1698116227744,150,,,
1698116228733,56,,,,
1698116228741,,150,,
1698116228743,,,150,
1698116228744,150,,,
1698116229734,56,,,,
1698116229741,,150,,
1698116229743,,,150,
1698116229744,150,,,
1698116230733,56,,,,
1698116230741,,150,,
1698116230743,,,150,
1698116230744,150,,,
1698116231733,56,,,,
1698116231741,,150,,
1698116231743,,,150,
1698116231744,150,,,
1698116232733,56,,,,
1698116232741,,150,,
1698116232743,,,150,
1698116232744,150,,,
1698116233734,56,,,,
1698116233741,,150,,
1698116233743,,,150,
1698116233747,150,,,
1698116234734,56,,,,
1698116234741,,150,,
1698116234743,,,150,
1698116234744,150,,,
1698116235734,56,,,,
1698116235741,,150,,
1698116235743,,,150,
1698116235744,150,,,
1698116236733,56,,,,
1698116236741,,150,,
1698116236743,,,150,
1698116236744,150,,,
1698116237733,56,,,,
1698116237741,,150,,
1698116237743,,,150,
1698116237744,150,,,
1698116238733,56,,,,
1698116238741,,150,,
1698116238743,,,150,
1698116238744,150,,,
1698116239734,56,,,,
1698116239741,,150,,
1698116239743,,,150,
1698116239744,150,,,
1698116240733,56,,,,
1698116240741,,150,,
1698116240743,,,150,
1698116240744,150,,,
1698116241733,56,,,,
1698116241741,,150,,
1698116241743,,,150,
1698116241744,150,,,
1698116242733,56,,,,
1698116242741,,150,,
1698116242743,,,150,
1698116242744,150,,,
1698116243733,56,,,,
1698116243741,,150,,
1698116243743,,,150,
1698116243744,150,,,
1698116244733,56,,,,
1698116244741,,150,,
1698116244744,150,,150,
1698116245734,56,,,,
1698116245741,,150,,
1698116245743,,,150,
1698116245744,150,,,
1698116246733,56,,,,
1698116246741,,150,,
1698116246743,,,150,
1698116246744,150,,,
1698116247733,56,,,,
1698116247741,,150,,
1698116247743,,,150,
1698116247750,150,,,
1698116248733,56,,,,
1698116248743,,150,150,
1698116248744,150,,,
1698116249733,56,,,,
1698116249743,,150,150,
1698116249745,150,,,
1698116250734,56,,,,
1698116250743,,150,150,
1698116250744,150,,,
1698116251734,56,,,,
1698116251741,,150,,
1698116251743,,,150,
1698116251744,150,,,
1698116252734,56,,,,
1698116252741,,150,,
1698116252743,,,150,
1698116252744,150,,,
1698116253733,56,,,,
1698116253741,,150,,
1698116253743,,,150,
1698116253750,150,,,
1698116254733,56,,,,
1698116254741,,150,,
1698116254743,,,150,
1698116254744,150,,,
1698116255733,56,,,,
1698116255741,,150,,
1698116255743,,,150,
1698116255744,150,,,
1698116256734,56,,,,
1698116256741,,150,,
1698116256743,,,150,
1698116256750,150,,,
1698116257733,56,,,,
1698116257741,,150,,
1698116257743,,,150,
1698116257744,150,,,
1698116258733,56,,,,
1698116258741,,150,,
1698116258743,,,150,
1698116258744,150,,,
1698116259733,56,,,,
1698116259741,,150,,
1698116259752,,,150,
1698116259761,150,,,
1698116260734,56,,,,
1698116260741,,150,,
1698116260743,,,150,
1698116260744,150,,,
1698116261733,56,,,,
1698116261741,,150,,
1698116261743,,,150,
1698116261744,150,,,
1698116262733,56,,,,
1698116262741,,150,,
1698116262743,,,150,
1698116262744,150,,,
1698116263733,56,,,,
1698116263741,,150,,
1698116263743,,,150,
1698116263744,150,,,
1698116264734,56,,,,
1698116264741,,150,,
1698116264743,,,150,
1698116264744,150,,,
1698116265733,56,,,,
1698116265741,,150,,
1698116265743,,,150,
1698116265744,150,,,
1698116266734,56,,,,
1698116266741,,150,,
1698116266743,,,150,
1698116266744,150,,,
1698116267733,56,,,,
1698116267741,,150,,
1698116267743,,,150,
1698116267744,150,,,
1698116268734,56,,,,
1698116268741,,150,,
1698116268743,,,150,
1698116268744,150,,,
1698116269733,56,,,,
1698116269741,,150,,
1698116269743,,,150,
1698116269744,150,,,
1698116270733,56,,,,
1698116270741,,150,,
1698116270743,,,150,
1698116270744,150,,,
1698116271733,56,,,,
1698116271741,,150,,
1698116271743,,,150,
1698116271744,150,,,
1698116272734,56,,,,
1698116272741,,150,,
1698116272743,,,150,
1698116272744,150,,,
1698116273733,56,,,,
1698116273741,,150,,
1698116273743,,,150,
1698116273744,150,,,
1698116274733,56,,,,
1698116274741,,150,,
1698116274743,,,150,
1698116274750,150,,,
1698116275734,56,,,,
1698116275741,,150,,
1698116275743,,,150,
1698116275744,150,,,
1698116276733,56,,,,
1698116276741,,150,,
1698116276744,150,,150,
1698116277734,56,,,,
1698116277741,,150,,
1698116277743,,,150,
1698116277744,150,,,
1698116278733,56,,,,
1698116278741,,150,,
1698116278743,,,150,
1698116278744,150,,,
1698116279734,56,,,,
1698116279741,,150,,
1698116279743,,,150,
1698116279744,150,,,
1698116280734,56,,,,
1698116280741,,150,,
1698116280743,,,150,
1698116280744,150,,,
1698116281734,56,,,,
1698116281741,,150,,
1698116281743,,,150,
1698116281744,150,,,
1698116282733,56,,,,
1698116282741,,150,,
1698116282743,,,150,
1698116282744,150,,,
1698116283733,56,,,,
1698116283741,,150,,
1698116283743,,,150,
1698116283745,150,,,
1698116284734,56,,,,
1698116284741,,150,,
1698116284743,,,150,
1698116284744,150,,,
1698116285733,56,,,,
1698116285741,,150,,
1698116285743,,,150,
1698116285744,150,,,
1698116286734,56,,,,
1698116286741,,150,,
1698116286743,,,150,
1698116286744,150,,,
1698116287733,56,,,,
1698116287741,,150,,
1698116287743,,,150,
1698116287744,150,,,
1698116288734,56,,,,
1698116288741,,150,,
1698116288743,,,150,
1698116288744,150,,,
1698116289733,56,,,,
1698116289741,,150,,
1698116289743,,,150,
1698116289750,150,,,
1698116290734,56,,,,
1698116290741,,150,,
1698116290743,,,150,
1698116290745,150,,,
1698116291734,56,,,,
1698116291741,,150,,
1698116291743,,,150,
1698116291744,150,,,
1698116292734,56,,,,
1698116292741,,150,,
1698116292743,,,150,
1698116292744,150,,,
1698116293734,56,,,,
1698116293741,,150,,
1698116293743,,,150,
1698116293744,150,,,
1698116294733,56,,,,
1698116294741,,150,,
1698116294743,,,150,
1698116294744,150,,,
1698116295734,56,,,,
1698116295741,,150,,
1698116295743,,,150,
1698116295744,150,,,
1698116296734,56,,,,
1698116296741,,150,,
1698116296743,,,150,
1698116296744,150,,,
1698116297734,56,,,,
1698116297741,,150,,
1698116297743,,,150,
1698116297744,150,,,
1698116298733,56,,,,
1698116298741,,150,,
1698116298743,,,150,
1698116298744,150,,,
1698116299734,56,,,,
1698116299741,,150,,
1698116299743,,,150,
1698116299744,150,,,
1698116300733,56,,,,
1698116300741,,150,,
1698116300743,,,150,
1698116300744,150,,,
1698116301734,56,,,,
1698116301741,,150,,
1698116301743,,,150,
1698116301744,150,,,
1698116302733,56,,,,
1698116302741,,150,,
1698116302743,,,150,
1698116302744,150,,,
1698116303733,56,,,,
1698116303741,,150,,
1698116303743,,,150,
1698116303744,150,,,
1698116304734,56,,,,
1698116304741,,150,,
1698116304743,,,150,
1698116304744,150,,,
1698116305733,56,,,,
1698116305741,,150,,
1698116305743,,,150,
1698116305744,150,,,
1698116306733,56,,,,
1698116306741,,150,,
1698116306743,,,150,
1698116306745,150,,,
1698116307733,56,,,,
1698116307741,,150,,
1698116307743,,,150,
1698116307744,150,,,
1698116308734,56,,,,
1698116308741,,150,,
1698116308743,,,150,
1698116308744,150,,,
1698116309734,56,,,,
1698116309741,,150,,
1698116309743,,,150,
1698116309744,150,,,
1698116310733,56,,,,
1698116310741,,150,,
1698116310743,,,150,
1698116310744,150,,,
1698116311734,56,,,,
1698116311741,,150,,
1698116311743,,,150,
1698116311744,150,,,
1698116312734,56,,,,
1698116312741,,150,,
1698116312743,,,150,
1698116312744,150,,,
1698116313734,56,,,,
1698116313741,,150,,
1698116313743,,,150,
1698116313744,150,,,
1698116314733,56,,,,
1698116314741,,150,,
1698116314743,,,150,
1698116314744,150,,,
1698116315733,56,,,,
1698116315741,,150,,
1698116315743,,,150,
1698116315745,150,,,
1698116316734,56,,,,
1698116316741,,150,,
1698116316743,,,150,
1698116316750,150,,,
1698116317733,56,,,,
1698116317741,,150,,
1698116317743,,,150,
1698116317744,150,,,
1698116318734,56,,,,
1698116318741,,150,,
1698116318743,,,150,
1698116318745,150,,,
1698116319734,56,,,,
1698116319741,,150,,
1698116319743,,,150,
1698116319750,150,,,
1698116320733,56,,,,
1698116320741,,150,,
1698116320743,,,150,
1698116320744,150,,,
1698116321733,56,,,,
1698116321741,,150,,
1698116321743,,,150,
1698116321744,150,,,
1698116322733,56,,,,
1698116322741,,150,,
1698116322743,,,150,
1698116322744,150,,,
1698116323734,56,,,,
1698116323741,,150,,
1698116323743,,,150,
1698116323744,150,,,
1698116324733,56,,,,
1698116324741,,150,,
1698116324743,,,150,
1698116324744,150,,,
1698116325733,56,,,,
1698116325741,,150,,
1698116325743,,,150,
1698116325744,150,,,
1698116326734,56,,,,
1698116326741,,150,,
1698116326744,150,,150,
1698116327733,56,,,,
1698116327741,,150,,
1698116327743,,,150,
1698116327744,150,,,
1698116328733,56,,,,
1698116328741,,150,,
1698116328743,,,150,
1698116328744,150,,,
1698116329733,56,,,,
1698116329741,,150,,
1698116329743,,,150,
1698116329744,150,,,
1698116330733,56,,,,
1698116330741,,150,,
1698116330743,,,150,
1698116330744,150,,,
1698116331733,56,,,,
1698116331741,,150,,
1698116331743,,,150,
1698116331750,150,,,
1698116332733,56,,,,
1698116332743,,150,150,
1698116332744,150,,,
1698116333733,56,,,,
1698116333741,,150,,
1698116333743,,,150,
1698116333744,150,,,
1698116334734,56,,,,
1698116334741,,150,,
1698116334743,,,150,
1698116334750,150,,,
1698116335733,56,,,,
1698116335741,,150,,
1698116335743,,,150,
1698116335744,150,,,
1698116336733,56,,,,
1698116336741,,150,,
1698116336743,,,150,
1698116336744,150,,,
1698116337733,56,,,,
1698116337741,,150,,
1698116337743,,,150,
1698116337750,150,,,
1698116338733,56,,,,
1698116338741,,150,,
1698116338743,,,150,
1698116338744,150,,,
1698116339734,56,,,,
1698116339741,,150,,
1698116339743,,,150,
1698116339744,150,,,
1698116340733,56,,,,
1698116340741,,150,,
1698116340743,,,150,
1698116340744,150,,,
1698116341734,56,,,,
1698116341741,,150,,
1698116341743,,,150,
1698116341745,150,,,
1698116342733,56,,,,
1698116342741,,150,,
1698116342743,,,150,
1698116342744,150,,,
1698116343733,56,,,,
1698116343741,,150,,
1698116343743,,,150,
1698116343750,150,,,
1698116344734,56,,,,
1698116344741,,150,,
1698116344743,,,150,
1698116344744,150,,,
1698116345734,56,,,,
1698116345741,,150,,
1698116345743,,,150,
1698116345744,150,,,
1698116346734,56,,,,
1698116346741,,150,,
1698116346743,,,150,
1698116346744,150,,,
1698116347733,56,,,,
1698116347741,,150,,
1698116347743,,,150,
1698116347744,150,,,
1698116348733,56,,,,
1698116348741,,150,,
1698116348743,,,150,
1698116348744,150,,,
1698116349734,56,,,,
1698116349741,,150,,
1698116349743,,,150,
1698116349750,150,,,
1698116350733,56,,,,
1698116350741,,150,,
1698116350743,,,150,
1698116350744,150,,,
1698116351733,56,,,,
1698116351741,,150,,
1698116351743,,,150,
1698116351744,150,,,
1698116352734,56,,,,
1698116352741,,150,,
1698116352743,,,150,
1698116352750,150,,,
1698116353734,56,,,,
1698116353741,,150,,
1698116353743,,,150,
1698116353744,150,,,
1698116354733,56,,,,
1698116354741,,150,,
1698116354743,,,150,
1698116354744,150,,,
1698116355734,56,,,,
1698116355741,,150,,
1698116355743,,,150,
1698116355744,150,,,
1698116356733,56,,,,
1698116356741,,150,,
1698116356743,,,150,
1698116356744,150,,,
1698116357733,56,,,,
1698116357741,,150,,
1698116357743,,,150,
1698116357744,150,,,
1698116358734,56,,,,
1698116358741,,150,,
1698116358743,,,150,
1698116358750,150,,,
1698116359734,56,,,,
1698116359741,,150,,
1698116359743,,,150,
1698116359744,150,,,
1698116360733,56,,,,
1698116360741,,150,,
1698116360743,,,150,
1698116360744,150,,,
1698116361734,56,,,,
1698116361741,,150,,
1698116361743,,,150,
1698116361750,150,,,
1698116362733,56,,,,
1698116362741,,150,,
1698116362743,,,150,
1698116362744,150,,,
1698116363733,56,,,,
1698116363741,,150,,
1698116363743,,,150,
1698116363744,150,,,
1698116364733,56,,,,
1698116364741,,150,,
1698116364743,,,150,
1698116364750,150,,,
1698116365734,56,,,,
1698116365741,,150,,
1698116365743,,,150,
1698116365744,150,,,
1698116366734,56,,,,
1698116366741,,150,,
1698116366743,,,150,
1698116366744,150,,,
1698116367733,56,,,,
1698116367741,,150,,
1698116367743,,,150,
1698116367750,150,,,
1698116368734,56,,,,
1698116368741,,150,,
1698116368743,,,150,
1698116368744,150,,,
1698116369733,56,,,,
1698116369741,,150,,
1698116369743,,,150,
1698116369744,150,,,
1698116370733,56,,,,
1698116370741,,150,,
1698116370743,,,150,
1698116370750,150,,,
1698116371733,56,,,,
1698116371741,,150,,
1698116371743,,,150,
1698116371744,150,,,
1698116372734,56,,,,
1698116372741,,150,,
1698116372743,,,150,
1698116372744,150,,,
1698116373733,56,,,,
1698116373741,,150,,
1698116373743,,,150,
1698116373744,150,,,
1698116374734,56,,,,
1698116374741,,150,,
1698116374743,,,150,
1698116374744,150,,,
1698116375733,56,,,,
1698116375741,,150,,
1698116375743,,,150,
1698116375744,150,,,
1698116376734,56,,,,
1698116376741,,150,,
1698116376743,,,150,
1698116376744,150,,,
1698116377733,56,,,,
1698116377741,,150,,
1698116377743,,,150,
1698116377744,150,,,
1698116378733,56,,,,
1698116378741,,150,,
1698116378743,,,150,
1698116378744,150,,,
1698116379733,56,,,,
1698116379741,,150,,
1698116379743,,,150,
1698116379750,150,,,
1698116380734,56,,,,
1698116380741,,150,,
1698116380743,,,150,
1698116380744,150,,,
1698116381733,56,,,,
1698116381741,,150,,
1698116381743,,,150,
1698116381744,150,,,
1698116382733,56,,,,
1698116382741,,150,,
1698116382743,,,150,
1698116382744,150,,,
1698116383733,56,,,,
1698116383741,,150,,
1698116383743,,,150,
1698116383744,150,,,
1698116384733,56,,,,
1698116384741,,150,,
1698116384743,,,150,
1698116384744,150,,,
1698116385734,56,,,,
1698116385741,,150,,
1698116385743,,,150,
1698116385744,150,,,
1698116386734,56,,,,
1698116386741,,150,,
1698116386743,,,150,
1698116386744,150,,,
1698116387733,56,,,,
1698116387741,,150,,
1698116387743,,,150,
1698116387744,150,,,
1698116388734,56,,,,
1698116388741,,150,,
1698116388743,,,150,
1698116388744,150,,,
1698116389734,56,,,,
1698116389741,,150,,
1698116389743,,,150,
1698116389744,150,,,
1698116390734,56,,,,
1698116390741,,150,,
1698116390743,,,150,
1698116390744,150,,,
1698116391733,56,,,,
1698116391741,,150,,
1698116391743,,,150,
1698116391744,150,,,
1698116392733,56,,,,
1698116392741,,150,,
1698116392743,,,150,
1698116392744,150,,,
1698116393733,56,,,,
1698116393741,,150,,
1698116393743,,,150,
1698116393744,150,,,
1698116394733,56,,,,
1698116394741,,150,,
1698116394743,,,150,
1698116394750,150,,,
1698116395733,56,,,,
1698116395741,,150,,
1698116395743,,,150,
1698116395744,150,,,
1698116396733,56,,,,
1698116396741,,150,,
1698116396743,,,150,
1698116396744,150,,,
1698116397733,56,,,,
1698116397741,,150,,
1698116397743,,,150,
1698116397744,150,,,
1698116398733,56,,,,
1698116398741,,150,,
1698116398743,,,150,
1698116398744,150,,,
1698116399734,56,,,,
1698116399741,,150,,
1698116399743,,,150,
1698116399744,150,,,
1698116400733,56,,,,
1698116400741,,150,,
1698116400743,,,150,
1698116400750,150,,,
1698116401734,56,,,,
1698116401741,,150,,
1698116401743,,,150,
1698116401744,150,,,
1698116402734,56,,,,
1698116402741,,150,,
1698116402745,,,150,
1698116402746,150,,,
1698116403734,56,,,,
1698116403741,,150,,
1698116403743,,,150,
1698116403744,150,,,
1698116404733,56,,,,
1698116404741,,150,,
1698116404743,,,150,
1698116404744,150,,,
1698116405733,56,,,,
1698116405741,,150,,
1698116405743,,,150,
1698116405744,150,,,
1698116406733,56,,,,
1698116406741,,150,,
1698116406743,,,150,
1698116406744,150,,,
1698116407733,56,,,,
1698116407741,,150,,
1698116407744,150,,,
1698116407745,,,150,
1698116408733,56,,,,
1698116408741,,150,,
1698116408743,,,150,
1698116408744,150,,,
1698116409733,56,,,,
1698116409741,,150,,
1698116409743,,,150,
1698116409744,150,,,
1698116410733,56,,,,
1698116410741,,150,,
1698116410743,,,150,
1698116410744,150,,,
1698116411733,56,,,,
1698116411741,,150,,
1698116411743,,,150,
1698116411744,150,,,
1698116412734,56,,,,
1698116412741,,150,,
1698116412743,,,150,
1698116412750,150,,,
1698116413733,56,,,,
1698116413741,,150,,
1698116413743,,,150,
1698116413744,150,,,
1698116414733,56,,,,
1698116414741,,150,,
1698116414743,,,150,
1698116414744,150,,,
1698116415733,56,,,,
1698116415741,,150,,
1698116415743,,,150,
1698116415750,150,,,
1698116416733,56,,,,
1698116416741,,150,,
1698116416743,,,150,
1698116416744,150,,,
1698116417733,56,,,,
1698116417741,,150,,
1698116417743,,,150,
1698116417744,150,,,
1698116418733,56,,,,
1698116418741,,150,,
1698116418743,,,150,
1698116418744,150,,,
1698116419733,56,,,,
1698116419741,,150,,
1698116419743,,,150,
1698116419744,150,,,
1698116420734,56,,,,
1698116420741,,150,,
1698116420743,,,150,
1698116420744,150,,,
1698116421733,56,,,,
1698116421741,,150,,
1698116421743,,,150,
1698116421750,150,,,
1698116422734,56,,,,
1698116422741,,150,,
1698116422743,,,150,
1698116422744,150,,,
1698116423733,56,,,,
1698116423741,,150,,
1698116423743,,,150,
1698116423744,150,,,
1698116424733,56,,,,
1698116424741,,150,,
1698116424743,,,150,
1698116424750,150,,,
1698116425733,56,,,,
1698116425741,,150,,
1698116425743,,,150,
1698116425744,150,,,
1698116426733,56,,,,
1698116426743,,150,,
1698116426744,150,,150,
1698116427733,56,,,,
1698116427743,,150,150,
1698116427744,150,,,
1698116428733,56,,,,
1698116428741,,150,,
1698116428743,,,150,
1698116428744,150,,,
1698116429733,56,,,,
1698116429741,,150,,
1698116429743,,,150,
1698116429744,150,,,
1698116430734,56,,,,
1698116430741,,150,,
1698116430743,,,150,
1698116430750,150,,,
1698116431733,56,,,,
1698116431741,,150,,
1698116431743,,,150,
1698116431744,150,,,
1698116432734,56,,,,
1698116432741,,150,,
1698116432743,,,150,
1698116432744,150,,,
1698116433733,56,,,,
1698116433741,,150,,
1698116433743,,,150,
1698116433744,150,,,
1698116434733,56,,,,
1698116434741,,150,,
1698116434743,,,150,
1698116434744,150,,,
1698116435734,56,,,,
1698116435741,,150,,
1698116435743,,,150,
1698116435744,150,,,
1698116436734,56,,,,
1698116436741,,150,,
1698116436743,,,150,
1698116436744,150,,,
1698116437733,56,,,,
1698116437741,,150,,
1698116437743,,,150,
1698116437744,150,,,
1698116438733,56,,,,
1698116438741,,150,,
1698116438743,,,150,
1698116438744,150,,,
1698116439734,56,,,,
1698116439741,,150,,
1698116439743,,,150,
1698116439744,150,,,
1698116440733,56,,,,
1698116440741,,150,,
1698116440743,,,150,
1698116440744,150,,,
1698116441733,56,,,,
1698116441741,,150,,
1698116441743,,,150,
1698116441744,150,,,
1698116442734,56,,,,
1698116442741,,150,,
1698116442743,,,150,
1698116442744,150,,,
1698116443733,56,,,,
1698116443746,150,,150,
1698116443756,,150,,
1698116444733,56,,,,
1698116444741,,150,,
1698116444743,,,150,
1698116444744,150,,,
1698116445733,56,,,,
1698116445741,,150,,
1698116445743,,,150,
1698116445744,150,,,
1698116446733,56,,,,
1698116446741,,150,,
1698116446743,,,150,
1698116446744,150,,,
1698116447734,56,,,,
1698116447741,,150,,
1698116447743,,,150,
1698116447744,150,,,
1698116448734,56,,,,
1698116448741,,150,,
1698116448743,,,150,
1698116448744,150,,,
1698116449733,56,,,,
1698116449741,,150,,
1698116449743,,,150,
1698116449744,150,,,
1698116450734,56,,,,
1698116450741,,150,,
1698116450743,,,150,
1698116450744,150,,,
1698116451733,56,,,,
1698116451741,,150,,
1698116451743,,,150,
1698116451744,150,,,
1698116452733,56,,,,
1698116452741,,150,,
1698116452743,,,150,
1698116452744,150,,,
1698116453733,56,,,,
1698116453741,,150,,
1698116453743,,,150,
1698116453744,150,,,
1698116454733,56,,,,
1698116454741,,150,,
1698116454743,,,150,
1698116454750,150,,,
1698116455733,56,,,,
1698116455741,,150,,
1698116455743,,,150,
1698116455744,150,,,
1698116456734,56,,,,
1698116456741,,150,,
1698116456743,,,150,
1698116456744,150,,,
1698116457733,56,,,,
1698116457741,,150,,
1698116457743,,,150,
1698116457744,150,,,
1698116458734,56,,,,
1698116458741,,150,,
1698116458743,,,150,
1698116458744,150,,,
1698116459734,56,,,,
1698116459741,,150,,
1698116459743,,,150,
1698116459745,150,,,
1698116460734,56,,,,
1698116460741,,150,,
1698116460743,,,150,
1698116460744,150,,,
1698116461734,56,,,,
1698116461741,,150,,
1698116461743,,,150,
1698116461744,150,,,
1698116462212,,,0,
1698116462214,0,0,,
1698116462217,0,