Timestamp,Slave 0,Slave 1,Slave 2,
1695208510116,326776,,,
1695208510138,105968,,,,
1695208510156,,337500,,
1695208510205,,,337368,
1695208511092,106252,,,,
1695208511097,,,377308,
1695208511102,,384032,,
1695208511132,371868,,,
1695208512109,106252,425864,,,
1695208512111,,,421528,
1695208512112,,412152,,
1695208513096,106252,,,,
1695208513113,,432164,430656,
1695208513121,458900,,,
1695208514105,,,435464,
1695208514110,,438100,,
1695208514129,463672,,,
1695208514203,106404,,,,
1695208515104,106424,465008,,,
1695208515107,,453108,,
1695208515109,,,449348,
1695208516091,106424,,,,
1695208516096,,,551788,
1695208516097,,531800,,
1695208516099,478020,,,
1695208517098,106496,,,744880,
1695208517101,681760,,,
1695208517103,,728368,,
1695208518100,106776,,,854792,
1695208518109,786820,,,
1695208518110,,873608,,
1695208519095,,,869592,
1695208519099,106776,825912,,,
1695208519104,,903196,,
1695208520090,106776,,,,
1695208520097,939188,905472,,
1695208520099,,,874780,
1695208521090,106776,,,,
1695208521095,919980,949424,923848,
1695208522091,106876,,,,
1695208522095,973000,,924904,
1695208522097,,949688,,
1695208523090,106876,,,,
1695208523095,,,924904,
1695208523096,,950216,,
1695208523098,974168,,,
1695208524090,106892,,,,
1695208524095,977860,,,
1695208524097,,,934688,
1695208524099,,950544,,
1695208525093,106928,,,,
1695208525097,978408,,934728,
1695208525099,,957992,,
1695208526090,107012,,,,
1695208526095,988968,,926204,
1695208526096,,954580,,
1695208527091,107012,,,,
1695208527096,988968,,964484,
1695208527098,,973336,,
1695208528090,107012,,,,
1695208528094,,,964484,
1695208528096,992664,973336,,
1695208529090,107012,,,,
1695208529095,,,964484,
1695208529096,,973336,,
1695208529097,1081708,,,
1695208530094,110252,,,,
1695208530096,,,1157992,
1695208530097,,1107976,,
1695208530098,1081708,,,
1695208531089,112608,,,,
1695208531095,1081708,,,
1695208531096,,,1267288,
1695208531098,,1173180,,
1695208532089,112608,,,,
1695208532094,,,1267288,
1695208532095,1136616,,,
1695208532097,,1173180,,
1695208533089,112608,,,,
1695208533094,,,1267288,
1695208533095,1274428,,,
1695208533096,,1173180,,
1695208534089,112608,,,,
1695208534094,,,1268872,
1695208534095,1274428,,,
1695208534097,,1263468,,
1695208535089,112688,,,,
1695208535094,1274428,,1276000,
1695208535096,,1263468,,
1695208536089,112696,,,,
1695208536095,1277068,,1276080,
1695208536096,,1263468,,
1695208537089,112696,,,,
1695208537094,1287100,,1276080,
1695208537096,,1263468,,
1695208538089,112696,,,,
1695208538094,1287100,,1285848,
1695208538096,,1274820,,
1695208539090,112696,,,,
1695208539094,,,1285848,
1695208539095,1287100,,,
1695208539096,,1274824,,
1695208540089,112696,,,,
1695208540094,,,1285848,
1695208540095,1295020,,,
1695208540096,,1274824,,
1695208541090,112696,,,,
1695208541095,,,1285860,
1695208541096,1295020,,,
1695208541099,,1274824,,
1695208542089,112696,,,,
1695208542094,1295020,,,
1695208542095,,,1292724,
1695208542097,,1283272,,
1695208543089,112776,,,,
1695208543094,,,1292724,
1695208543097,1295020,,,
1695208543098,,1283272,,
1695208544093,112776,,,,
1695208544094,,,1292724,
1695208544096,1303204,,,
1695208544097,,1283272,,
1695208545090,112776,,,,
1695208545094,1303204,,,
1695208545095,,,1292724,
1695208545096,,1283272,,
1695208546090,112776,,,,
1695208546094,,,1300380,
1695208546097,1303204,1291300,,
1695208547089,112776,,,,
1695208547094,,,1300380,
1695208547095,1303204,,,
1695208547096,,1291300,,
1695208548089,112776,,,,
1695208548095,1310596,,1300380,
1695208548097,,1291300,,
1695208549089,112776,,,,
1695208549094,1310596,,,
1695208549096,,,1300380,
1695208549097,,1291300,,
1695208550089,112864,,,,
1695208550094,1310596,,1307244,
1695208550098,,1298164,,
1695208551090,112864,,,,
1695208551095,1310596,,1307244,
1695208551096,,1298164,,
1695208552090,112864,,,,
1695208552094,1318516,,1307244,
1695208552096,,1298164,,
1695208553091,112864,,,,
1695208553094,1318516,,,
1695208553096,,1306348,,
1695208553110,,,1307772,
1695208554090,112864,,,,
1695208554094,1318516,,1314900,
1695208554098,,1306348,,
1695208555092,112864,,,,
1695208555095,1325644,,,
1695208555096,,1306348,,
1695208555098,,,1314900,
1695208556089,112864,,,,
1695208556094,,,1314900,
1695208556096,1325644,,,
1695208556097,,1306348,,
1695208557090,112864,,,,
1695208557094,1325728,,1322028,
1695208557096,,1313476,,
1695208558090,112864,,,,
1695208558094,1325728,,1322028,
1695208558096,,1313476,,
1695208559089,112864,,,,
1695208559094,1333648,,1322028,
1695208559095,,1313476,,
1695208560090,112952,,,,
1695208560094,,,1322028,
1695208560097,1333648,1313476,,
1695208561089,112952,,,,
1695208561094,1333648,,1329156,
1695208561097,,1321396,,
1695208562090,112952,,,,
1695208562094,1333648,,,
1695208562095,,,1329156,
1695208562099,,1321396,,
1695208563089,112952,,,,
1695208563094,1340776,,1329156,
1695208563095,,1321396,,
1695208564089,112952,,,,
1695208564095,1340776,,,
1695208564096,,1321396,1329156,
1695208565089,113040,,,,
1695208565094,1340776,,1336284,
1695208565098,,1328524,,
1695208566089,113040,,,,
1695208566094,1340776,,1336284,
1695208566096,,1328524,,
1695208567089,113040,,,,
1695208567094,,,1336284,
1695208567098,1348696,,,
1695208567101,,1328524,,
1695208568090,113040,,,,
1695208568094,1348696,,1336284,
1695208568099,,1336180,,
1695208569089,113040,,,,
1695208569094,1348604,,1343676,
1695208569096,,1336180,,
1695208570090,113040,,,,
1695208570094,1355996,,1344468,
1695208570095,,1336796,,
1695208571089,113040,,,,
1695208571095,1355996,1336796,1344436,
1695208572089,113040,,,,
1695208572094,1355996,,1351568,
1695208572095,,1343396,,
1695208573091,113040,,,,
1695208573095,1355996,,1351580,
1695208573099,,1343572,,
1695208574089,113040,,,,
1695208574094,1363388,,1351580,
1695208574095,,1343588,,
1695208575089,113040,,,,
1695208575095,1363972,,,
1695208575098,,,1351504,
1695208575103,,1343764,,
1695208576089,113040,,,,
1695208576094,,,1358632,
1695208576095,1363972,,,
1695208576100,,1351764,,
1695208577089,113040,,,,
1695208577094,1364268,,1358932,
1695208577096,,1351972,,
1695208578090,113440,,,,
1695208578096,1376852,1355508,,
1695208578097,,,1364924,
1695208579094,1376852,,,
1695208579101,113440,,,,
1695208579102,,1355508,,
1695208579109,,,1366776,
1695208580111,1377148,,,
1695208580123,,,1366792,
1695208580128,123004,,,,
1695208580151,,1356068,,
1695208581089,138960,,,,
1695208581094,1392592,,,
1695208581095,,,1369048,
1695208581096,,1356628,,
1695208582089,138960,,,,
1695208582094,1413948,,1389112,
1695208582098,,1375900,,
1695208583089,139020,,,,
1695208583094,,,1389112,
1695208583098,,1375900,,
1695208583099,1413948,,,
1695208584089,139100,,,,
1695208584094,1413952,,1389112,
1695208584095,,1375900,,
1695208585089,131676,,,,
1695208585094,,,1389112,
1695208585096,1413952,1375900,,
1695208586089,131676,,,,
1695208586094,1413952,,1389376,
1695208586096,,1375900,,
1695208587089,131676,,,,
1695208587094,1413952,,1389376,
1695208587095,,1375900,,
1695208588089,131676,,,,
1695208588094,,,1389376,
1695208588095,1413952,1375900,,
1695208589089,131676,,,,
1695208589097,,,1389376,
1695208589107,,1375900,,
1695208589111,1413996,,,
1695208590088,123028,,,,
1695208590094,1413996,,1389376,
1695208590096,,1375900,,
1695208591089,123028,,,,
1695208591094,1413996,,1389376,
1695208591098,,1375900,,
1695208592089,123028,,,,
1695208592094,,,1389376,
1695208592095,1413996,,,
1695208592098,,1375900,,
1695208593090,123028,,,,
1695208593106,1413996,1375900,,
1695208593110,,,1389376,
1695208594090,123028,,,,
1695208594094,1413996,,,
1695208594095,,1375900,1389376,
1695208595089,123116,,,,
1695208595096,1413996,1376012,,
1695208595097,,,1389376,
1695208596089,123116,,,,
1695208596094,1413996,,1389376,
1695208596097,,1376012,,
1695208597089,123116,,,,
1695208597094,1414260,,1389376,
1695208597095,,1376012,,
1695208598089,123116,,,,
1695208598093,,,1389376,
1695208598094,1414260,,,
1695208598097,,1376012,,
1695208599088,123184,,,,
1695208599094,1414260,,1389376,
1695208599095,,1376012,,
1695208600088,123184,,,,
1695208600095,,,1389376,
1695208600097,1414260,,,
1695208600098,,1376012,,
1695208601090,123184,,,,
1695208601094,1414524,,1389376,
1695208601095,,1376012,,
1695208602089,123184,,,,
1695208602094,,,1389376,
1695208602095,1414524,,,
1695208602098,,1376012,,
1695208603089,128200,,,,
1695208603094,1414524,1376012,1389376,
1695208604089,128200,,,,
1695208604094,1415316,,1389376,
1695208604096,,1376012,,
1695208605091,128200,,,,
1695208605095,,1377332,1390168,
1695208605096,1415316,,,
1695208606089,128200,,,,
1695208606093,1415316,,1390168,
1695208606095,,1377332,,
1695208607089,128200,,,,
1695208607094,1415316,,1390168,
1695208607095,,1377332,,
1695208608089,128200,,,,
1695208608095,1415580,,,
1695208608097,,1378652,,
1695208608110,,,1390168,
1695208609089,128200,,,,
1695208609094,,,1390432,
1695208609096,1415580,1378652,,
1695208610088,128200,,,,
1695208610095,1415580,,1390432,
1695208610096,,1378652,,
1695208611089,128200,,,,
1695208611094,1415580,,1390432,
1695208611095,,1378652,,
1695208612089,128200,,,,
1695208612093,,,1390696,
1695208612094,1415580,,,
1695208612096,,1379708,,
1695208613089,128200,,,,
1695208613095,1415580,,1390696,
1695208613098,,1379708,,
1695208614089,128200,,,,
1695208614094,1415580,,,
1695208614095,,,1390696,
1695208614108,,1379708,,
1695208615099,122912,,,,
1695208615100,,1379708,,
1695208615104,,,1390696,
1695208615105,1415844,,,
1695208616089,122912,,,,
1695208616094,1415844,,1390960,
1695208616096,,1379972,,
1695208617089,122912,,,,
1695208617095,1415844,,1390960,
1695208617096,,1379972,,
1695208618089,122912,,,,
1695208618095,1415844,,1390960,
1695208618097,,1379972,,
1695208619089,122912,,,,
1695208619094,1416636,,1390960,
1695208619097,,1379972,,
1695208620089,122912,,,,
1695208620095,1416636,,,
1695208620096,,,1391488,
1695208620097,,1379972,,
1695208621089,122912,,,,
1695208621094,,,1391488,
1695208621095,1416636,1379972,,
1695208622089,122912,,,,
1695208622093,1416636,,,
1695208622094,,,1391488,
1695208622095,,1379972,,
1695208623089,122992,,,,
1695208623095,1416900,,1391488,
1695208623097,,1379972,,
1695208624089,122992,,,,
1695208624094,1416900,,1391752,
1695208624095,,1380236,,
1695208625089,122992,,,,
1695208625094,1416900,,,
1695208625095,,1380236,1391752,
1695208626089,122992,,,,
1695208626095,1416900,,1391752,
1695208626097,,1380236,,
1695208627089,122992,,,,
1695208627094,1417956,,,
1695208627095,,,1392808,
1695208627097,,1381028,,
1695208628088,122992,,,,
1695208628094,,,1392808,
1695208628095,1417956,1381028,,
1695208629089,122992,,,,
1695208629093,,,1392808,
1695208629094,1417972,,,
1695208629096,,1381028,,
1695208630089,122992,,,,
1695208630094,,,1392848,
1695208630095,1417972,,,
1695208630096,,1380968,,
1695208631089,122992,,,,
1695208631094,1417972,,1393904,
1695208631095,,1382024,,
1695208632089,122992,,,,
1695208632095,,,1393904,
1695208632097,,1382024,,
1695208632100,1417972,,,
1695208633089,122992,,,,
1695208633094,1417972,,,
1695208633096,,1382024,1393904,
1695208634090,122992,,,,
1695208634093,,,1393904,
1695208634099,1418764,,,
1695208634100,,1382024,,
1695208635089,125896,,,,
1695208635094,1418764,,1394432,
1695208635096,,1382552,,
1695208636089,125896,,,,
1695208636094,,,1394432,
1695208636096,,1382552,,
1695208636098,1418764,,,
1695208637089,125956,,,,
1695208637094,1418764,,,
1695208637095,,,1394432,
1695208637096,,1382552,,
1695208638089,126004,,,,
1695208638094,,,1394432,
1695208638095,1419028,1382552,,
1695208639089,126004,,,,
1695208639094,,,1395188,
1695208639095,1419252,1383340,,
1695208640089,126004,,,,
1695208640094,1419488,,1395408,
1695208640097,,1383880,,
1695208641088,126004,,,,
1695208641094,1420916,,1395408,
1695208641095,,1383880,,
1695208642088,126004,,,,
1695208642094,1420916,,1395936,
1695208642095,,1384144,,
1695208643089,126004,,,,
1695208643093,1420916,,,
1695208643094,,,1395936,
1695208643095,,1384144,,
1695208644089,126004,,,,
1695208644094,1420916,,1395936,
1695208644096,,1384144,,
1695208645089,126004,,,,
1695208645095,1421504,,1395936,
1695208645096,,1384144,,
1695208646089,126004,,,,
1695208646094,1421504,,1397256,
1695208646095,,1384936,,
1695208647088,126004,,,,
1695208647094,1421504,,1397256,
1695208647095,,1384936,,
1695208648089,126004,,,,
1695208648094,1421504,,1397256,
1695208648096,,1384936,,
1695208649092,126004,,,,
1695208649094,,,1397256,
1695208649095,1422296,,,
1695208649098,,1384936,,
1695208650089,126532,,,,
1695208650094,1422296,,,
1695208650096,,1385728,1397256,
1695208651089,126532,,,,
1695208651094,1422296,,1397256,
1695208651095,,1385728,,
1695208652088,126532,,,,
1695208652093,1422296,,1397256,
1695208652095,,1385728,,
1695208653089,126532,,,,
1695208653094,1423352,,1397256,
1695208653095,,1385728,,
1695208654088,126532,,,,
1695208654094,,,1401216,
1695208654096,1423352,,,
1695208654097,,1386520,,
1695208655089,126532,,,,
1695208655094,1423352,,1401216,
1695208655095,,1386520,,
1695208656089,126532,,,,
1695208656094,,,1401216,
1695208656095,1431008,,,
1695208656099,,1386520,,
1695208657089,126532,,,,
1695208657094,1431008,,,
1695208657095,,,1408608,
1695208657097,,1391536,,
1695208658088,126532,,,,
1695208658094,1431008,,1408608,
1695208658095,,1391536,,
1695208659089,126532,,,,
1695208659094,,,1408608,
1695208659095,1431008,1391536,,
1695208660089,126532,,,,
1695208660094,,,1408608,
1695208660095,1438664,1391536,,
1695208661089,126532,,,,
1695208661094,1438664,,,
1695208661096,,1398400,,
1695208661097,,,1415736,
1695208662089,126532,,,,
1695208662094,1438664,,1415736,
1695208662096,,1398400,,
1695208663089,126532,,,,
1695208663094,,,1415736,
1695208663095,1438664,1398400,,
1695208664089,126532,,,,
1695208664094,1445528,,1415736,
1695208664097,,1398400,,
1695208665090,126532,,,,
1695208665094,,,1422864,
1695208665095,1445528,,,
1695208665098,,1406056,,
1695208666089,127060,,,,
1695208666094,1445528,,1422864,
1695208666096,,1406056,,
1695208667089,127060,,,,
1695208667094,1453448,,1422864,
1695208667095,,1406056,,
1695208668089,127060,,,,
1695208668094,1453448,,1422864,
1695208668096,,1406056,,
1695208669090,127060,,,,
1695208669093,,,1430256,
1695208669094,1453448,,,
1695208669095,,1412920,,
1695208670089,127060,,,,
1695208670093,1453448,,1430256,
1695208670096,,1412920,,
1695208671089,127060,,,,
1695208671094,1460840,,1430340,
1695208671100,,1412920,,
1695208672089,127060,,,,
1695208672094,1460840,1420464,1437732,
1695208673089,127060,,,,
1695208673093,,,1437732,
1695208673095,1460840,1420464,,
1695208674089,127060,,,,
1695208674094,1460840,,1437732,
1695208674096,,1420464,,
1695208675089,127060,,,,
1695208675094,1468232,,,
1695208675095,,,1437732,
1695208675096,,1420464,,
1695208676089,127060,,,,
1695208676094,1468232,,1444596,
1695208676097,,1427592,,
1695208677088,127060,,,,
1695208677094,,,1444596,
1695208677096,1468232,,,
1695208677097,,1427592,,
1695208678089,127060,,,,
1695208678094,1468232,,1444596,
1695208678096,,1427592,,
1695208679089,127060,,,,
1695208679095,,,1444596,
1695208679096,,1427592,,
1695208679097,1475624,,,
1695208680089,127060,,,,
1695208680094,1475624,,1451460,
1695208680097,,1434984,,
1695208681088,127060,,,,
1695208681094,1475624,,,
1695208681095,,,1451460,
1695208681096,,1434984,,
1695208682089,127060,,,,
1695208682094,1483280,,1451460,
1695208682096,,1434984,,
1695208683088,127060,,,,
1695208683094,1483280,,1451460,
1695208683095,,1434984,,
1695208684089,127060,,,,
1695208684094,1483280,,,
1695208684095,,,1458852,
1695208684096,,1442640,,
1695208685090,127060,,,,
1695208685098,,,1458852,
1695208685099,1483280,1442640,,
1695208686090,127060,,,,
1695208686095,1490408,1442640,1458852,
1695208687089,127060,,,,
1695208687094,,,1466244,
1695208687095,1490408,,,
1695208687096,,1450296,,
1695208688089,127060,,,,
1695208688094,1490408,,1466244,
1695208688096,,1450296,,
1695208689089,127060,,,,
1695208689094,1490408,,1466244,
1695208689095,,1450296,,
1695208690089,127060,,,,
1695208690094,,,1466264,
1695208690095,1497800,,,
1695208690096,,1450292,,
1695208691089,127060,,,,
1695208691094,1497800,,1473128,
1695208691096,,1456628,,
1695208692091,127060,,,,
1695208692094,1497800,,,
1695208692095,,1456628,1473128,
1695208693089,127072,,,,
1695208693094,1505720,,1473128,
1695208693096,,1456628,,
1695208694089,127072,,,,
1695208694094,,,1473128,
1695208694095,1505720,,,
1695208694098,,1456628,,
1695208695089,127072,,,,
1695208695094,1505720,,,
1695208695097,,1464020,1480784,
1695208696089,127100,,,,
1695208696094,1505720,,,
1695208696095,,,1480784,
1695208696099,,1464020,,
1695208697089,127100,,,,
1695208697095,1513112,,1480784,
1695208697098,,1464020,,
1695208698089,127100,,,,
1695208698094,,,1480784,
1695208698096,1513112,,,
1695208698100,,1464020,,
1695208699089,127180,,,,
1695208699094,1513112,,1487648,
1695208699096,,1471148,,
1695208700089,127180,,,,
1695208700094,1513112,,1487648,
1695208700096,,1471148,,
1695208701089,127180,,,,
1695208701094,1520240,,,
1695208701097,,,1487648,
1695208701098,,1471152,,
1695208702089,127216,,,,
1695208702094,1520240,,1495040,
1695208702095,,1478808,,
1695208703089,127216,,,,
1695208703094,,,1495040,
1695208703095,,1478808,,
1695208703096,1520240,,,
1695208704089,127216,,,,
1695208704095,1527896,,,
1695208704097,,1478808,1495040,
1695208705089,127216,,,,
1695208705095,1527896,,1495040,
1695208705099,,1478808,,
1695208706089,127216,,,,
1695208706094,1527896,,1501904,
1695208706096,,1486200,,
1695208707088,127216,,,,
1695208707094,1527896,,1501904,
1695208707096,,1486200,,
1695208708089,127216,,,,
1695208708093,,,1501904,
1695208708094,1535816,,,
1695208708096,,1486200,,
1695208709090,127216,,,,
1695208709095,1535816,,1501904,
1695208709099,,1486296,,
1695208710089,127216,,,,
1695208710094,1535840,,,
1695208710095,,,1509824,
1695208710096,,1493160,,
1695208711089,127216,,,,
1695208711094,1535840,,1509824,
1695208711098,,1493160,,
1695208712089,127216,,,,
1695208712094,1543496,,1509824,
1695208712099,,1493168,,
1695208713089,127220,,,,
1695208713094,,,1509824,
1695208713095,1543496,,,
1695208713099,,1493168,,
1695208714089,127220,,,,
1695208714095,1552460,,,
1695208714096,,1500824,,
1695208714097,,,1515896,
1695208715089,127220,,,,
1695208715094,1559852,,1515896,
1695208715095,,1500824,,
1695208716090,127220,,,,
1695208716094,1555460,,1515896,
1695208716096,,1500824,,
1695208717089,127220,,,,
1695208717094,,,1523552,
1695208717095,1555460,,,
1695208717097,,1507952,,
1695208718089,127220,,,,
1695208718094,1555460,,1523552,
1695208718096,,1507952,,
1695208719089,127220,,,,
1695208719093,1563116,,1523552,
1695208719097,,1507952,,
1695208720089,127220,,,,
1695208720093,1563116,,1523552,
1695208720096,,1507952,,
1695208721090,127220,,,,
1695208721094,1563116,,,
1695208721095,,,1530944,
1695208721096,,1515872,,
1695208722089,127220,,,,
1695208722093,,,1530944,
1695208722095,1571036,1515872,,
1695208723089,127220,,,,
1695208723094,,,1530944,
1695208723095,1571036,,,
1695208723096,,1515872,,
1695208724089,127220,,,,
1695208724094,1571036,,1530944,
1695208724096,,1515872,,
1695208725089,127340,,,,
1695208725094,,,1537824,
1695208725095,1571124,,,
1695208725096,,1523320,,
1695208726089,127340,,,,
1695208726094,1572836,,,
1695208726095,,,1537824,
1695208726097,,1523320,,
1695208727089,127340,,,,
1695208727094,1572920,,1537824,
1695208727098,,1523320,,
1695208728089,127340,,,,
1695208728093,,,1545744,
1695208728095,1572920,1531504,,
1695208729089,127340,,,,
1695208729095,1580576,,,
1695208729098,,,1545744,
1695208729100,,1531504,,
1695208730089,127340,,,,
1695208730094,1580576,,1548668,
1695208730097,,1531520,,
1695208731088,127340,,,,
1695208731093,,,1544520,
1695208731094,1580556,,,
1695208731095,,1536856,,
1695208732089,127340,,,,
1695208732094,1580556,,1552440,
1695208732095,,1544512,,
1695208733089,127344,,,,
1695208733094,1588476,,1552440,
1695208733096,,1544512,,
1695208734089,127344,,,,
1695208734095,1588476,1544512,1552440,
1695208735088,127344,,,,
1695208735093,,,1560096,
1695208735094,1588476,,,
1695208735096,,1552168,,
1695208736089,127344,,,,
1695208736094,1596396,,1560096,
1695208736098,,1547936,,
1695208737089,127348,,,,
1695208737094,,,1560096,
1695208737095,1596396,,,
1695208737098,,1547936,,
1695208738088,127348,,,,
1695208738094,1596396,,1560096,
1695208738097,,1547936,,
1695208739090,127348,,,,
1695208739094,1604580,,1568016,
1695208739095,,1555856,,
1695208740089,127348,,,,
1695208740094,,,1568016,
1695208740096,1604580,,,
1695208740100,,1555856,,
1695208741089,127348,,,,
1695208741094,1604580,,1568016,
1695208741096,,1551012,,
1695208742089,127348,,,,
1695208742094,1604580,,1575672,
1695208742096,,1558932,,
1695208743089,127420,,,,
1695208743094,,,1575672,
1695208743095,1613292,,,
1695208743098,,1558932,,
1695208744088,127500,,,,
1695208744094,1613292,,,
1695208744095,,,1575672,
1695208744097,,1558932,,
1695208745091,127580,,,,
1695208745102,,,1575672,
1695208745104,1613292,,,
1695208745106,,1567116,,
1695208746089,127664,,,,
1695208746093,1622004,,,
1695208746094,,,1583592,
1695208746095,,1567116,,
1695208747089,127748,,,,
1695208747094,1622004,,1583592,
1695208747098,,1567116,,
1695208748089,127828,,,,
1695208748094,,,1583592,
1695208748095,,1576792,,
1695208748096,1622004,,,
1695208749089,127956,,,,
1695208749094,1629924,,1591248,
1695208749097,,1585176,,
1695208750089,128036,,,,
1695208750093,,,1591264,
1695208750094,1629924,,,
1695208750096,,1585172,,
1695208751091,128120,,,,
1695208751094,1629924,,1591264,
1695208751096,,1585172,,
1695208752103,128200,,1593356,1591264,
1695208752105,1638636,,,
1695208753089,128288,,,,
1695208753094,1638636,,1599448,
1695208753096,,1593356,,
1695208754089,128372,,,,
1695208754095,,,1599548,
1695208754096,1638636,,,
1695208754099,,1593356,,
1695208755090,128456,,,,
1695208755094,1638636,,1599548,
1695208755096,,1593356,,
1695208756089,128536,,,,
1695208756094,1647348,,1607468,
1695208756096,,1594644,,
1695208757089,128620,,,,
1695208757093,,,1607468,
1695208757094,1647348,,,
1695208757096,,1594644,,
1695208758089,128700,,,,
1695208758095,1647348,1594644,1607468,
1695208759089,128784,,,,
1695208759094,1656060,,1616180,
1695208759095,,1603092,,
1695208760089,128864,,,,
1695208760094,,,1616180,
1695208760095,1656060,,,
1695208760096,,1603092,,
1695208761090,129028,,,,
1695208761095,1656060,,1616180,
1695208761097,,1603092,,
1695208762089,144940,,,,
1695208762094,,,1624100,
1695208762095,1664772,,,
1695208762096,,1611540,,
1695208763089,145024,,,,
1695208763094,,,1624100,
1695208763096,1664772,1611540,,
1695208764089,145104,,,,
1695208764094,1664772,,1624100,
1695208764098,,1611540,,
1695208765089,145188,,,,
1695208765095,1672956,,,
1695208765098,,1620252,,
1695208765099,,,1624100,
1695208766089,145352,,,,
1695208766095,1672956,,1632548,
1695208766096,,1620252,,
1695208767089,145436,,,,
1695208767094,1673020,,,
1695208767095,,1620252,1632548,
1695208768089,145516,,,,
1695208768094,1678036,,1632548,
1695208768095,,1628544,,
1695208769089,145600,,,,
1695208769094,1678036,,1640996,
1695208769095,,1628544,,
1695208770089,134548,,,,
1695208770094,1678036,,1640996,
1695208770096,,1628544,,
1695208771089,134632,,,,
1695208771094,1678036,,1640996,
1695208771097,,1637520,,
1695208772088,134712,,,,
1695208772094,1678036,,1649444,
1695208772095,,1637520,,
1695208773089,134796,,,,
1695208773093,1678036,,1649444,
1695208773095,,1637520,,
1695208774089,134880,,,,
1695208774094,1678036,,1649444,
1695208774095,,1644648,,
1695208775090,134960,,,,
1695208775094,1678036,,,
1695208775095,,1644648,1657892,
1695208776089,135044,,,,
1695208776095,1678036,,1657892,
1695208776098,,1644648,,
1695208777089,135124,,,,
1695208777094,1678036,,1657892,
1695208777095,,1644648,,
1695208778089,135204,,,,
1695208778094,1678036,,1664228,
1695208778096,,1644648,,
1695208779088,135288,,,,
1695208779094,1678036,,1664228,
1695208779095,,1644648,,
1695208780090,135372,,,,
1695208780094,1678036,,,
1695208780095,,,1664228,
1695208780096,,1644648,,
1695208781089,135452,,,,
1695208781094,1678036,,,
1695208781095,,,1664756,
1695208781105,,1644648,,
1695208782089,135536,,,,
1695208782094,1678036,,1664756,
1695208782095,,1644648,,
1695208783088,135616,,,,
1695208783094,1678036,,1664756,
1695208783095,,1644648,,
1695208784089,135700,,,,
1695208784093,1678036,,,
1695208784094,,1644648,1664756,
1695208785089,135780,,,,
1695208785094,1678036,,1664756,
1695208785097,,1644648,,
1695208786089,135864,,,,
1695208786095,,1644648,1664756,
1695208786096,1678036,,,
1695208787089,135944,,,,
1695208787093,1678036,,1664756,
1695208787095,,1644648,,
1695208788089,136028,,,,
1695208788094,1678036,,1664756,
1695208788096,,1644648,,
1695208789089,136112,,,,
1695208789093,1678036,,,
1695208789094,,,1664756,
1695208789096,,1644648,,
1695208790089,136192,,,,
1695208790093,,,1664756,
1695208790094,1678036,,,
1695208790097,,1644648,,
1695208791089,136272,,,,
1695208791094,1678036,,1664756,
1695208791097,,1644648,,
1695208792089,136356,,,,
1695208792094,1678036,,1664828,
1695208792096,,1644648,,
1695208793089,136440,,,,
1695208793094,1678036,,1664828,
1695208793095,,1644648,,
1695208794089,136520,,,,
1695208794095,1678036,1644716,1664828,
1695208795089,136604,,,,
1695208795094,1678036,,1664828,
1695208795096,,1644716,,
1695208796089,136684,,,,
1695208796094,1678036,,1664828,
1695208796096,,1644716,,
1695208797089,136768,,,,
1695208797093,,,1664828,
1695208797095,1678036,,,
1695208797096,,1644716,,
1695208798089,136848,,,,
1695208798094,1678036,,1664828,
1695208798097,,1644716,,
1695208799089,136932,,,,
1695208799093,1678036,,1664828,
1695208799094,,1644716,,
1695208800089,137012,,,,
1695208800093,1678036,,,
1695208800094,,,1664828,
1695208800095,,1644716,,
1695208801089,137096,,,,
1695208801093,1678036,,,
1695208801095,,1644716,1664828,
1695208802089,137176,,,,
1695208802093,1678036,,1664828,
1695208802095,,1644716,,
1695208803088,137260,,,,
1695208803094,1678036,,1664828,
1695208803096,,1644716,,
1695208804088,137340,,,,
1695208804093,1678036,,1664828,
1695208804095,,1644716,,
1695208805089,137424,,,,
1695208805093,1678036,,1664828,
1695208805095,,1644716,,
1695208806089,137508,,,,
1695208806093,1678036,,,
1695208806094,,,1664828,
1695208806095,,1644716,,
1695208807088,137588,,,,
1695208807094,1678036,,1664828,
1695208807096,,1644716,,
1695208808088,137668,,,,
1695208808093,,,1664992,
1695208808094,,1644716,,
1695208808095,1678300,,,
1695208809089,137752,,,,
1695208809093,1678300,,1664992,
1695208809096,,1644716,,
1695208810089,137832,,,,
1695208810094,1678828,,1664984,
1695208810097,,1644708,,
1695208811089,137916,,,,
1695208811093,1678828,,,
1695208811094,,,1664984,
1695208811096,,1644708,,
1695208812088,138000,,,,
1695208812093,,,1664984,
1695208812094,1678828,,,
1695208812095,,1644708,,
1695208813089,138080,,,,
1695208813093,1678828,,1665244,
1695208813095,,1644708,,
1695208814088,138164,,,,
1695208814093,1680148,,,
1695208814094,,,1665244,
1695208814096,,1644708,,
1695208815089,138244,,,,
1695208815093,1680148,,,
1695208815094,,,1665244,
1695208815096,,1644708,,
1695208816088,138328,,,,
1695208816094,1680148,,1665244,
1695208816095,,1644708,,
1695208817089,138408,,,,
1695208817093,,,1665244,
1695208817094,1680148,,,
1695208817097,,1644708,,
1695208818088,138492,,,,
1695208818093,,,1665244,
1695208818096,1682260,,,
1695208818099,,1644708,,
1695208819088,138572,,,,
1695208819094,1682260,,1665244,
1695208819097,,1644708,,
1695208820089,138656,,,,
1695208820094,1682260,,1665244,
1695208820096,,1644708,,
1695208821088,138736,,,,
1695208821093,1682260,,1665244,
1695208821094,,1644708,,
1695208822088,138820,,,,
1695208822093,,,1665244,
1695208822094,1682260,,,
1695208822095,,1644712,,
1695208823089,138900,,,,
1695208823094,1682260,,1665244,
1695208823098,,1644712,,
1695208824089,138984,,,,
1695208824094,1682260,,1666036,
1695208824095,,1644712,,
1695208825088,139068,,,,
1695208825094,,,1666036,
1695208825095,1682260,,,
1695208825098,,1646560,,
1695208826089,139148,,,,
1695208826095,1682260,,1666036,
1695208826100,,1646560,,
1695208827089,139232,,,,
1695208827094,,,1666036,
1695208827097,,1646560,,
1695208827100,1682260,,,
1695208828089,139312,,,,
1695208828098,1682260,,1667620,
1695208828101,,1648144,,
1695208829090,139480,,,,
1695208829094,1682260,,1667620,
1695208829096,,1648144,,
1695208830088,139560,,,,
1695208830094,1682260,,1667620,
1695208830095,,1648144,,
1695208831089,139644,,,,
1695208831093,,,1667620,
1695208831094,1682324,,,
1695208831098,,1648144,,
1695208832088,139724,,,,
1695208832094,1682324,,1668676,
1695208832095,,1648144,,
1695208833089,139808,,,,
1695208833094,1682324,,,
1695208833095,,1648144,1668676,
1695208834088,139888,,,,
1695208834095,1682324,,1668676,
1695208834096,,1648144,,
1695208835089,139972,,,,
1695208835093,,,1668676,
1695208835094,1682324,1648144,,
1695208836089,140052,,,,
1695208836093,1682324,,,
1695208836094,,,1668676,
1695208836095,,1648200,,
1695208837088,140136,,,,
1695208837093,1686280,,,
1695208837094,,,1668676,
1695208837095,,1648200,,
1695208838092,140216,,,,
1695208838096,,1648200,1668676,
1695208838098,1686280,,,
1695208839089,140300,,,,
1695208839094,1686280,,1672124,
1695208839095,,1650308,,
1695208840088,140380,,,,
1695208840093,,,1672388,
1695208840094,1686280,,,
1695208840095,,1650308,,
1695208841088,140464,,,,
1695208841093,1686280,,,
1695208841094,,,1672388,
1695208841095,,1646124,,
1695208842088,140548,,,,
1695208842093,1686388,,1672388,
1695208842095,,1646124,,
1695208843088,140628,,,,
1695208843093,,,1672388,
1695208843094,1686388,,,
1695208843095,,1646124,,
1695208844089,140712,,,,
1695208844093,1686388,,1672388,
1695208844097,,1646388,,
1695208845088,140792,,,,
1695208845093,,,1672388,
1695208845094,1686388,,,
1695208845095,,1646388,,
1695208846089,140876,,,,
1695208846093,1686388,,1672388,
1695208846096,,1646388,,
1695208847089,140956,,,,
1695208847093,1686388,,,
1695208847094,,,1672388,
1695208847095,,1646388,,
1695208848088,141040,,,,
1695208848093,,,1672388,
1695208848094,1686580,,,
1695208848095,,1646388,,
1695208849088,141120,,,,
1695208849093,,,1672388,
1695208849094,1686580,,,
1695208849095,,1646388,,
1695208850088,141200,,,,
1695208850093,1686580,,1672388,
1695208850095,,1646388,,
1695208851089,141284,,,,
1695208851093,1686580,,1672388,
1695208851097,,1646652,,
1695208852089,141364,,,,
1695208852094,1686580,,1672388,
1695208852097,,1646652,,
1695208853089,141448,,,,
1695208853093,,,1672388,
1695208853094,1686580,,,
1695208853096,,1646652,,
1695208854089,141528,,,,
1695208854106,,1646728,,
1695208854107,1686580,,,
1695208854109,,,1672388,
1695208855088,141612,,,,
1695208855093,1687372,,1672388,
1695208855095,,1646728,,
1695208856088,141692,,,,
1695208856094,1687372,,1672388,
1695208856096,,1646728,,
1695208857088,141776,,,,
1695208857093,,,1672388,
1695208857094,1687372,,,
1695208857095,,1646728,,
1695208858089,141856,,,,
1695208858093,1687372,,1672388,
1695208858097,,1646728,,
1695208859088,141940,,,,
1695208859093,1688164,,1672388,
1695208859094,,1646728,,
1695208860088,142020,,,,
1695208860093,1688164,,,
1695208860094,,,1672388,
1695208860096,,1646728,,
1695208861089,142104,,,,
1695208861094,1688164,,1672388,
1695208861095,,1646728,,
1695208862089,142184,,,,
1695208862093,1688164,,1672388,
1695208862095,,1646728,,
1695208863088,142264,,,,
1695208863093,,,1672388,
1695208863094,1689484,,,
1695208863095,,1646728,,
1695208864089,142348,,,,
1695208864094,1689484,,1672388,
1695208864095,,1646728,,
1695208865089,142452,,,,
1695208865093,,,1672388,
1695208865094,1689484,,,
1695208865097,,1646728,,
1695208866088,142532,,,,
1695208866093,1690012,,1672916,
1695208866095,,1647520,,
1695208867089,142612,,,,
1695208867093,1690012,,1672916,
1695208867097,,1647520,,
1695208868089,142696,,,,
1695208868092,,,1672916,
1695208868093,1690012,,,
1695208868095,,1647520,,
1695208869088,142776,,,,
1695208869093,1690012,,1672916,
1695208869097,,1647520,,
1695208870089,142860,,,,
1695208870093,1690012,,1673172,
1695208870095,,1648328,,
1695208871089,142940,,,,
1695208871094,1690012,,1673172,
1695208871095,,1648328,,
1695208872090,143024,,,,
1695208872094,1690012,1648328,1673172,
1695208873088,143104,,,,
1695208873093,,,1673700,
1695208873095,1690012,1648328,,
1695208874088,143188,,,,
1695208874093,1690804,,,
1695208874094,,,1673764,
1695208874096,,1648856,,
1695208875088,143276,,,,
1695208875093,,,1673764,
1695208875094,1690804,,,
1695208875095,,1648856,,
1695208876088,143420,,,,
1695208876094,1690804,,,
1695208876095,,,1673764,
1695208876096,,1648856,,
1695208877089,143504,,,,
1695208877093,,,1674028,
1695208877094,1690804,,,
1695208877095,,1649648,,
1695208878088,143584,,,,
1695208878093,,,1674028,
1695208878094,1691860,,,
1695208878096,,1649648,,
1695208879088,143668,,,,
1695208879093,,,1674028,
1695208879094,1691860,,,
1695208879095,,1649648,,
1695208880089,143752,,,,
1695208880094,1691860,,,
1695208880095,,,1674028,
1695208880096,,1649648,,
1695208881089,143832,,,,
1695208881093,1692652,,1674556,
1695208881095,,1650176,,
1695208882088,143916,,,,
1695208882094,1692652,,1674556,
1695208882096,,1650176,,
1695208883088,143996,,,,
1695208883093,1692652,,1674556,
1695208883095,,1650176,,
1695208884092,144160,,,,
1695208884094,1692652,,1675084,
1695208884095,,1650176,,
1695208885089,144244,,,,
1695208885093,1693180,,1675084,
1695208885094,,1650176,,
1695208886088,144324,,,,
1695208886095,1693180,1650176,1675084,
1695208887088,144408,,,,
1695208887093,1693180,,1675084,
1695208887095,,1650176,,
1695208888088,144488,,,,
1695208888093,1694236,,1675612,
1695208888096,,1650176,,
1695208889089,144572,,,,
1695208889094,1694236,,,
1695208889095,,1651760,1675612,
1695208890089,144652,,,,
1695208890093,1694236,,,
1695208890094,,,1675612,
1695208890096,,1651760,,
1695208891089,144736,,,,
1695208891094,1694236,,1675612,
1695208891097,,1651760,,
1695208892089,144816,,,,
1695208892095,1694504,1652044,1676460,
1695208893089,144904,,,,
1695208893096,1694504,,,
1695208893099,,,1676464,
1695208893101,,1652044,,
1695208894088,144988,,,,
1695208894093,,,1676464,
1695208894094,1694504,,,
1695208894096,,1652048,,
1695208895089,145068,,,,
1695208895094,1694504,,1676492,
1695208895096,,1652048,,
1695208896089,145152,,,,
1695208896094,1694768,,1677020,
1695208896097,,1652840,,
1695208897089,145232,,,,
1695208897093,1694768,,1677020,
1695208897095,,1652840,,
1695208898088,145316,,,,
1695208898093,1694768,,1677020,
1695208898095,,1652840,,
1695208899088,145396,,,,
1695208899093,1695824,,,
1695208899094,,,1677284,
1695208899096,,1652840,,
1695208900088,145480,,,,
1695208900094,1695824,,,
1695208900097,,1653632,,
1695208900098,,,1677284,
1695208901089,145560,,,,
1695208901095,1695916,,,
1695208901097,,,1677284,
1695208901098,,1653632,,
1695208902088,145644,,,,
1695208902093,,,1677284,
1695208902094,1695916,,,
1695208902095,,1653632,,
1695208903088,145728,,,,
1695208903094,1696708,,1677812,
1695208903095,,1654160,,
1695208904088,145808,,,,
1695208904096,,,1677812,
1695208904098,,1654160,,
1695208904101,1696708,,,
1695208905089,145888,,,,
1695208905094,1698024,,1677812,
1695208905097,,1661460,,
1695208906089,145972,,,,
1695208906093,1698552,,,
1695208906094,,,1677812,
1695208906097,,1661460,,
1695208907088,146056,,,,
1695208907093,,,1679132,
1695208907094,1698552,,,
1695208907097,,1661988,,
1695208908088,146136,,,,
1695208908093,,,1679132,
1695208908095,1698552,,,
1695208908096,,1661988,,
1695208909089,146300,,,,
1695208909094,1698552,,1679132,
1695208909096,,1661988,,
1695208910089,146380,,,,
1695208910093,1699344,,1679132,
1695208910096,,1663044,,
1695208911089,146464,,,,
1695208911093,1694120,,1679132,
1695208911095,,1663044,,
1695208912088,146544,,,,
1695208912093,,,1679132,
1695208912094,1694120,,,
1695208912095,,1663044,,
1695208913088,146628,,,,
1695208913093,1695176,,1679132,
1695208913096,,1663044,,
1695208914088,146708,,,,
1695208914093,1695176,,1679660,
1695208914097,,1663308,,
1695208915089,146792,,,,
1695208915093,1695176,,1679660,
1695208915095,,1663308,,
1695208916088,146872,,,,
1695208916093,,,1679660,
1695208916094,1695968,,,
1695208916095,,1663308,,
1695208917088,146956,,,,
1695208917093,1695968,,1679660,
1695208917095,,1664100,,
1695208918089,147040,,,,
1695208918093,1695968,,1680716,
1695208918096,,1664100,,
1695208919089,147120,,,,
1695208919093,1696232,,1680716,
1695208919094,,1664100,,
1695208920088,147200,,,,
1695208920093,1696472,,1680776,
1695208920095,,1664100,,
1695208921088,147284,,,,
1695208921093,,,1681568,
1695208921095,1696472,1665156,,
1695208922089,147368,,,,
1695208922093,1696472,,1681568,
1695208922095,,1665156,,
1695208923088,147448,,,,
1695208923094,1697264,,1681568,
1695208923097,,1665156,,
1695208924089,147532,,,,
1695208924093,,,1681568,
1695208924094,1697264,,,
1695208924095,,1665684,,
1695208925089,147612,,,,
1695208925093,1697264,,1681568,
1695208925095,,1665684,,
1695208926088,147696,,,,
1695208926093,,,1681568,
1695208926094,1698056,1661540,,
1695208927089,147776,,,,
1695208927093,,,1681568,
1695208927094,1698056,,,
1695208927095,,1661540,,
1695208928089,147860,,,,
1695208928093,,,1682624,
1695208928094,1698056,,,
1695208928095,,1662068,,
1695208929088,147940,,,,
1695208929093,1698848,,1682624,
1695208929097,,1662068,,
1695208930089,148024,,,,
1695208930093,1710460,,,
1695208930094,,,1684456,
1695208930095,,1668348,,
1695208931088,148108,,,,
1695208931093,1710460,,1685512,
1695208931095,,1665092,,
1695208932088,148188,,,,
1695208932093,1710988,,1685512,
1695208932095,,1665092,,
1695208933088,148268,,,,
1695208933095,,1665092,1685512,
1695208933098,1710988,,,
1695208934089,156528,,,,
1695208934093,1710988,,1685512,
1695208934096,,1665884,,
1695208935089,156612,,,,
1695208935094,,,1685776,
1695208935095,,1665960,,
1695208935107,1710988,,,
1695208936089,156692,,,,
1695208936093,1700132,,,
1695208936094,,,1685776,
1695208936095,,1665960,,
1695208937089,156776,,,,
1695208937093,,,1685776,
1695208937094,1700248,,,
1695208937095,,1665960,,
1695208938088,156856,,,,
1695208938094,1700248,,1686304,
1695208938095,,1666752,,
1695208939088,156940,,,,
1695208939093,1700248,,1686304,
1695208939096,,1666752,,
1695208940088,157020,,,,
1695208940093,,,1686304,
1695208940094,1700248,,,
1695208940095,,1666752,,
1695208941088,157104,,,,
1695208941093,1700248,,1687096,
1695208941094,,1667280,,
1695208942089,157184,,,,
1695208942094,1702096,,1687096,
1695208942095,,1667280,,
1695208943088,157272,,,,
1695208943094,1702096,,1687096,
1695208943096,,1667280,,
1695208944088,157352,,,,
1695208944093,1702096,,1687096,
1695208944095,,1668072,,
1695208945088,157436,,,,
1695208945093,,,1687624,
1695208945094,1702360,,,
1695208945095,,1668072,,
1695208946088,157516,,,,
1695208946093,,,1682444,
1695208946095,1702360,1668072,,
1695208947095,157600,,,,
1695208947099,,1668864,1682444,
1695208947100,1703680,,,
1695208948088,157684,,,,
1695208948093,1703680,,1682972,
1695208948094,,1668864,,
1695208949089,157764,,,,
1695208949094,1703680,,1682972,
1695208949097,,1668864,,
1695208950089,157844,,,,
1695208950094,1703680,,1682972,
1695208950095,,1669392,,
1695208951089,157928,,,,
1695208951094,1703680,,1684028,
1695208951097,,1669392,,
1695208952089,158008,,,,
1695208952093,1703680,,1684028,
1695208952095,,1669392,,
1695208953088,158092,,,,
1695208953093,1703680,,1684028,
1695208953094,,1670712,,
1695208954088,158176,,,,
1695208954093,1703680,,,
1695208954094,,,1684556,
1695208954095,,1670712,,
1695208955088,158256,,,,
1695208955093,1703680,,1684556,
1695208955095,,1670712,,
1695208956088,158340,,,,
1695208956094,1703680,,1684556,
1695208956098,,1671768,,
1695208957088,158420,,,,
1695208957093,1703680,,,
1695208957096,,,1685348,
1695208957112,,1671768,,
1695208958089,158504,,,,
1695208958094,1703680,,,
1695208958095,,,1685348,
1695208958096,,1671768,,
1695208959088,158584,,,,
1695208959093,1703680,,1685348,
1695208959095,,1672296,,
1695208960089,158668,,,,
1695208960092,,,1686140,
1695208960093,1703680,,,
1695208960094,,1672296,,
1695208961089,158748,,,,
1695208961095,1703680,1672296,1686140,
1695208962088,158832,,,,
1695208962095,1703680,1672296,1686140,
1695208963093,158912,,,,
1695208963094,1703680,,,
1695208963095,,1672296,,
1695208963096,,,1686932,
1695208964088,158996,,,,
1695208964093,1703680,,,
1695208964094,,,1686932,
1695208964095,,1672296,,
1695208965089,150940,,,,
1695208965093,,,1686932,
1695208965094,1703680,,,
1695208965095,,1672296,,
1695208966089,151024,,,,
1695208966093,,,1687988,
1695208966094,1703680,,,
1695208966102,,1672364,,
1695208967088,151108,,,,
1695208967093,1703680,,1687988,
1695208967094,,1672364,,
1695208968088,151188,,,,
1695208968093,1703680,,1687988,
1695208968095,,1672364,,
1695208969089,151268,,,,
1695208969093,,,1687988,
1695208969094,1703680,,,
1695208969096,,1672364,,
1695208970090,151352,,,,
1695208970093,,,1687988,
1695208970094,1703680,,,
1695208970095,,1672364,,
1695208971089,151436,,,,
1695208971093,1703680,,1687988,
1695208971096,,1672364,,
1695208972088,151516,,,,
1695208972093,1703680,,1687988,
1695208972097,,1672364,,
1695208973088,151600,,,,
1695208973093,1703680,,1687988,
1695208973095,,1672364,,
1695208974088,151680,,,,
1695208974093,1703680,,1687988,
1695208974095,,1672364,,
1695208975088,151764,,,,
1695208975093,1703680,,,
1695208975094,,,1687988,
1695208975095,,1672364,,
1695208976088,151844,,,,
1695208976093,,,1687988,
1695208976094,1703680,,,
1695208976097,,1672364,,
1695208977088,151928,,,,
1695208977093,1703680,,1687988,
1695208977096,,1672364,,
1695208978089,152008,,,,
1695208978093,,,1687988,
1695208978095,1703680,,,
1695208978096,,1672364,,
1695208979088,152092,,,,
1695208979093,1703680,,1687988,
1695208979095,,1672364,,
1695208980088,152172,,,,
1695208980093,,,1687988,
1695208980094,1703680,,,
1695208980096,,1672364,,
1695208981088,152256,,,,
1695208981093,1703680,,1687988,
1695208981095,,1672364,,
1695208982088,152336,,,,
1695208982093,1703680,,1688100,
1695208982095,,1672364,,
1695208983088,152420,,,,
1695208983093,1703680,,1688100,
1695208983095,,1672364,,
1695208984088,152504,,,,
1695208984093,,,1688100,
1695208984094,1703680,,,
1695208984096,,1672364,,
1695208985088,152584,,,,
1695208985093,,,1688100,
1695208985094,1703680,,,
1695208985095,,1672364,,
1695208986088,152668,,,,
1695208986094,,,1688100,
1695208986095,,1672364,,
1695208986105,1703680,,,
1695208987088,152748,,,,
1695208987093,1703680,,,
1695208987094,,,1688100,
1695208987095,,1672364,,
1695208988088,152828,,,,
1695208988093,1703680,,1688100,
1695208988096,,1672364,,
1695208989089,152912,,,,
1695208989093,1703680,,1688100,
1695208989095,,1672364,,
1695208990088,152996,,,,
1695208990094,1703680,,1688100,
1695208990095,,1672364,,
1695208991089,153076,,,,
1695208991093,,,1688100,
1695208991094,1703680,1672364,,
1695208992088,153160,,,,
1695208992093,1703680,,1688100,
1695208992096,,1672364,,
1695208993089,153240,,,,
1695208993093,1703680,,1688100,
1695208993094,,1672364,,
1695208994089,153324,,,,
1695208994094,,,1688100,
1695208994095,1703680,,,
1695208994096,,1672364,,
1695208995089,162904,,,,
1695208995093,,,1688100,
1695208995095,1703680,,,
1695208995097,,1672364,,
1695208996088,162984,,,,
1695208996093,1703680,,1688100,
1695208996095,,1672364,,
1695208997089,163068,,,,
1695208997093,1703680,,,
1695208997094,,,1688100,
1695208997095,,1672364,,
1695208998088,163148,,,,
1695208998093,1703680,,1688100,
1695208998095,,1672364,,
1695208999088,163228,,,,
1695208999093,1703680,,1688100,
1695208999095,,1672364,,
1695209000089,163312,,,,
1695209000093,1703680,,1688100,
1695209000096,,1672364,,
1695209001089,163396,,,,
1695209001093,1703680,,1688100,
1695209001095,,1672364,,
1695209002088,163476,,,,
1695209002094,1703680,,1688100,
1695209002095,,1672364,,
1695209003089,163560,,,,
1695209003094,1703680,,1688100,
1695209003095,,1672364,,
1695209004088,163640,,,,
1695209004093,1703680,,1688100,
1695209004097,,1672364,,
1695209005088,163724,,,,
1695209005093,1703680,,1688100,
1695209005094,,1672364,,
1695209006088,163804,,,,
1695209006093,1703680,,,
1695209006094,,,1688100,
1695209006095,,1672364,,
1695209007089,163888,,,,
1695209007094,1703680,,1688100,
1695209007096,,1672364,,
1695209008088,163972,,,,
1695209008093,1703680,,,
1695209008094,,,1688100,
1695209008096,,1672364,,
1695209009089,164052,,,,
1695209009093,,,1688100,
1695209009094,1703680,,,
1695209009095,,1672364,,
1695209010088,164132,,,,
1695209010095,1703680,,,
1695209010104,,1672364,1688100,
1695209011088,164216,,,,
1695209011093,,,1688100,
1695209011094,1703680,,,
1695209011096,,1672364,,
1695209012089,164296,,,,
1695209012093,1703680,,1688100,
1695209012095,,1672364,,
1695209013088,164380,,,,
1695209013093,1703680,,1688100,
1695209013095,,1672364,,
1695209014088,164464,,,,
1695209014093,1703680,,1688100,
1695209014095,,1672364,,
1695209015088,164544,,,,
1695209015093,1703680,,1688100,
1695209015096,,1672364,,
1695209016088,164628,,,,
1695209016093,1703680,,1688100,
1695209016095,,1672364,,
1695209017088,164708,,,,
1695209017094,1703680,,1688100,
1695209017095,,1672364,,
1695209018088,164792,,,,
1695209018094,1703680,,1688100,
1695209018095,,1672628,,
1695209019088,164872,,,,
1695209019093,1703680,,1688100,
1695209019095,,1672628,,
1695209020088,164956,,,,
1695209020093,,,1688100,
1695209020095,1703680,,,
1695209020096,,1672628,,
1695209021088,165036,,,,
1695209021094,,,1688100,
1695209021097,1703680,1672628,,
1695209022088,165212,,,,
1695209022093,1703680,,,
1695209022094,,,1688100,
1695209022095,,1672628,,
1695209023088,165292,,,,
1695209023093,1703680,,1688100,
1695209023094,,1672628,,
1695209024088,165376,,,,
1695209024093,1703680,,1688100,
1695209024094,,1672628,,
1695209025088,165456,,,,
1695209025093,1703680,,1688100,
1695209025095,,1672628,,
1695209026088,165540,,,,
1695209026093,1703680,,,
1695209026094,,,1688100,
1695209026095,,1672628,,
1695209027088,165624,,,,
1695209027093,1703680,,1688100,
1695209027095,,1672628,,
1695209028088,165704,,,,
1695209028093,1703680,,1688100,
1695209028096,,1672628,,
1695209029088,165784,,,,
1695209029093,,,1688100,
1695209029094,1703680,,,
1695209029096,,1672628,,
1695209030088,165868,,,,
1695209030093,1703680,,1688100,
1695209030096,,1672628,,
1695209031089,165952,,,,
1695209031093,,,1688100,
1695209031095,1703680,1672628,,
1695209032088,166032,,,,
1695209032093,1703680,,1688100,
1695209032096,,1672628,,
1695209033088,166116,,,,
1695209033093,1703680,,1688100,
1695209033095,,1672628,,
1695209034088,166196,,,,
1695209034093,1703680,,1688100,
1695209034095,,1672628,,
1695209035088,166280,,,,
1695209035093,1703680,,1688100,
1695209035095,,1672628,,
1695209036089,166360,,,,
1695209036093,1703680,,1688100,
1695209036096,,1672628,,
1695209037088,166444,,,,
1695209037093,1703680,,1688100,
1695209037095,,1672724,,
1695209038089,166524,,,,
1695209038093,,,1688100,
1695209038094,1703680,,,
1695209038097,,1672724,,
1695209039089,166608,,,,
1695209039093,1703664,,1688100,
1695209039095,,1672724,,
1695209040088,157216,,,,
1695209040093,1703664,,1688100,
1695209040095,,1672724,,
1695209041088,157300,,,,
1695209041093,1703664,,1688100,
1695209041096,,1672724,,
1695209042089,157384,,,,
1695209042093,1703664,,1688100,
1695209042095,,1672724,,
1695209043088,157464,,,,
1695209043093,1703664,,1688100,
1695209043095,,1672724,,
1695209044088,157548,,,,
1695209044093,1703664,,1688100,
1695209044096,,1672724,,
1695209045088,157628,,,,
1695209045093,1703664,,1688100,
1695209045095,,1672724,,
1695209046088,157712,,,,
1695209046093,1703664,,1688100,
1695209046094,,1672724,,
1695209047088,157792,,,,
1695209047093,1703664,,,
1695209047094,,,1688100,
1695209047096,,1672724,,
1695209048088,157872,,,,
1695209048093,1703664,,,
1695209048094,,,1688100,
1695209048095,,1672724,,
1695209049089,157956,,,,
1695209049093,,,1688100,
1695209049096,1703664,1672724,,
1695209050089,158036,,,,
1695209050093,1703664,,,
1695209050094,,,1688100,
1695209050095,,1672724,,
1695209051088,158120,,,,
1695209051093,1703664,,1688100,
1695209051095,,1672724,,
1695209052088,158200,,,,
1695209052093,1703664,,1688100,
1695209052095,,1672724,,
1695209053088,158284,,,,
1695209053094,,1672724,1688100,
1695209053095,1703664,,,
1695209054089,158364,,,,
1695209054093,,,1688100,
1695209054094,1703664,,,
1695209054095,,1672724,,
1695209055089,158448,,,,
1695209055093,1703664,,1688364,
1695209055095,,1672724,,
1695209056088,158528,,,,
1695209056093,1703664,,1688364,
1695209056097,,1672724,,
1695209057099,,1672724,,
1695209057100,158612,,,,
1695209057101,,,1688364,
1695209057102,1703664,,,
1695209058088,158704,,,,
1695209058093,1703664,,1688364,
1695209058094,,1672724,,
1695209059088,158788,,,,
1695209059093,1703664,,1688364,
1695209059095,,1672724,,
1695209060088,158872,,,,
1695209060093,1703664,,1688364,
1695209060095,,1672724,,
1695209061088,158956,,,,
1695209061094,1703664,,1688364,
1695209061095,,1672724,,
1695209062088,159040,,,,
1695209062093,1703664,,1688364,
1695209062094,,1672724,,
1695209063088,159120,,,,
1695209063093,1703664,,1688364,
1695209063096,,1672724,,
1695209064088,159200,,,,
1695209064093,1703664,,1688364,
1695209064096,,1672724,,
1695209065088,159284,,,,
1695209065093,1703664,,1688364,
1695209065095,,1672724,,
1695209066088,159364,,,,
1695209066094,1703664,,1688364,
1695209066095,,1672724,,
1695209067088,159448,,,,
1695209067094,1703664,,1688364,
1695209067095,,1672724,,
1695209068088,159528,,,,
1695209068093,1703664,,1688364,
1695209068096,,1672724,,
1695209069088,159612,,,,
1695209069093,1703664,,1688364,
1695209069095,,1672724,,
1695209070088,159692,,,,
1695209070093,,,1688700,
1695209070094,1703664,,,
1695209070095,,1672724,,
1695209071088,159776,,,,
1695209071093,,,1688700,
1695209071095,1703664,,,
1695209071096,,1672724,,
1695209072088,159856,,,,
1695209072093,1703664,,1688700,
1695209072097,,1672724,,
1695209073088,159940,,,,
1695209073093,1703664,,,
1695209073094,,,1688700,
1695209073095,,1672724,,
1695209074088,160020,,,,
1695209074093,1703664,,1688700,
1695209074095,,1672724,,
1695209075088,160104,,,,
1695209075094,1703664,,1688700,
1695209075095,,1672724,,
1695209076088,160184,,,,
1695209076093,1703664,,1688700,
1695209076095,,1672724,,
1695209077088,160268,,,,
1695209077093,1703664,,1688700,
1695209077096,,1672724,,
1695209078088,160348,,,,
1695209078093,1703664,,1688700,
1695209078094,,1672724,,
1695209079088,160428,,,,
1695209079093,,,1688700,
1695209079094,1703664,,,
1695209079096,,1672724,,
1695209080088,160512,,,,
1695209080093,1703664,,,
1695209080094,,,1688700,
1695209080097,,1672724,,
1695209081094,160592,1703664,,,
1695209081095,,1672724,,
1695209081096,,,1688700,
1695209082088,160676,,,,
1695209082093,1703664,,1688700,
1695209082096,,1672724,,
1695209083088,160756,,,,
1695209083093,1703664,,1688700,
1695209083094,,1672724,,
1695209084088,160840,,,,
1695209084094,1703664,,1688700,
1695209084095,,1672724,,
1695209085088,160920,,,,
1695209085093,1703664,,,
1695209085094,,,1688700,
1695209085095,,1672724,,
1695209086088,161004,,,,
1695209086093,,,1688700,
1695209086094,1703664,,,
1695209086097,,1672724,,
1695209087088,161084,,,,
1695209087093,1703664,,1688700,
1695209087095,,1672724,,
1695209088088,161168,,,,
1695209088093,1703664,,1688700,
1695209088095,,1672724,,
1695209089088,161248,,,,
1695209089093,1703664,,1688700,
1695209089096,,1672724,,
1695209090088,161332,,,,
1695209090094,1703664,,1688700,
1695209090095,,1672724,,
1695209091088,161412,,,,
1695209091093,1703888,,,
1695209091094,,,1688700,
1695209091096,,1672724,,
1695209092088,161496,,,,
1695209092093,1703888,,,
1695209092094,,,1688700,
1695209092097,,1672724,,
1695209093088,161576,,,,
1695209093093,1703888,,1688700,
1695209093096,,1672724,,
1695209094089,161660,,,,
1695209094093,1703888,,1688700,
1695209094096,,1672724,,
1695209095088,161740,,,,
1695209095093,,,1688700,
1695209095095,1703888,1672724,,
1695209096088,161820,,,,
1695209096093,,,1688700,
1695209096094,1703888,1672724,,
1695209097089,161904,,,,
1695209097093,1703888,,1688700,
1695209097096,,1672724,,
1695209098088,161988,,,,
1695209098093,1703888,,1688700,
1695209098095,,1672724,,
1695209099088,162068,,,,
1695209099093,1703888,,1688700,
1695209099095,,1672724,,
1695209100088,162148,,,,
1695209100093,,,1688700,
1695209100095,1703952,1672724,,
1695209101089,162232,,,,
1695209101093,,,1688700,
1695209101094,1703952,1672724,,
1695209102088,162312,,,,
1695209102093,,,1688700,
1695209102094,1703952,,,
1695209102095,,1672724,,
1695209103089,162396,,,,
1695209103093,1703952,,,
1695209103094,,,1688700,
1695209103095,,1672724,,
1695209104088,162480,,,,
1695209104093,1703952,,1688700,
1695209104096,,1672724,,
1695209105088,162564,,,,
1695209105094,1703952,,1688700,
1695209105096,,1672724,,
1695209106088,162644,,,,
1695209106093,1703952,,1688700,
1695209106095,,1672988,,
1695209107088,162728,,,,
1695209107093,,,1688700,
1695209107094,1703952,,,
1695209107095,,1672988,,
1695209108088,162808,,,,
1695209108093,1703952,,1688700,
1695209108095,,1672988,,
1695209109089,162892,,,,
1695209109093,1703952,,1688700,
1695209109094,,1673252,,
1695209110088,162972,,,,
1695209110094,1703952,,1688700,
1695209110098,,1673252,,
1695209111089,163056,,,,
1695209111093,1703952,,1688700,
1695209111095,,1673252,,
1695209112088,163136,,,,
1695209112093,1703952,,1688700,
1695209112095,,1673252,,
1695209113088,163220,,,,
1695209113093,1703952,,1688700,
1695209113095,,1673516,,
1695209114088,163300,,,,
1695209114093,1703952,,1688700,
1695209114095,,1673516,,
1695209115089,163384,,,,
1695209115093,,,1688700,
1695209115094,1703952,,,
1695209115095,,1673516,,
1695209116088,163464,,,,
1695209116093,,,1688700,
1695209116094,1703952,,,
1695209116095,,1673516,,
1695209117088,163548,,,,
1695209117093,,,1688700,
1695209117094,1703952,,,
1695209117095,,1673516,,
1695209118088,163628,,,,
1695209118093,,,1688700,
1695209118094,1703952,,,
1695209118095,,1673516,,
1695209119088,163712,,,,
1695209119093,1703952,,1688700,
1695209119096,,1673516,,
1695209120088,163792,,,,
1695209120093,1704212,,1688700,
1695209120095,,1673516,,
1695209121089,163876,,,,
1695209121093,1704212,,1688700,
1695209121095,,1673516,,
1695209122088,163960,,,,
1695209122094,1704212,,1688700,
1695209122096,,1673516,,
1695209123088,164040,,,,
1695209123094,,,1688700,
1695209123105,1704212,1673516,,
1695209124088,164124,,,,
1695209124094,,,1688700,
1695209124095,1704212,,,
1695209124096,,1673516,,
1695209125088,164204,,,,
1695209125093,,,1688700,
1695209125094,1704212,,,
1695209125095,,1673516,,
1695209126088,164288,,,,
1695209126093,1704212,,1688700,
1695209126096,,1673516,,
1695209127088,164368,,,,
1695209127094,1704212,,1688700,
1695209127095,,1673516,,
1695209128088,164452,,,,
1695209128093,,,1688700,
1695209128094,1704212,,,
1695209128095,,1673516,,
1695209129089,164532,,,,
1695209129093,,,1688700,
1695209129094,1704212,,,
1695209129095,,1673516,,
1695209130088,164616,,,,
1695209130093,1704212,,,
1695209130094,,,1688964,
1695209130097,,1673516,,
1695209131088,164696,,,,
1695209131094,,,1688964,
1695209131097,1704212,,,
1695209131101,,1673516,,
1695209132089,164780,,,,
1695209132094,1704212,,1688964,
1695209132095,,1673564,,
1695209133089,164860,,,,
1695209133093,1704212,,1689228,
1695209133094,,1673564,,
1695209134088,164944,,,,
1695209134093,1704212,,1689228,
1695209134095,,1673564,,
1695209135088,165028,,,,
1695209135093,1704212,,1689228,
1695209135095,,1673564,,
1695209136088,165108,,,,
1695209136093,1704212,,1689228,
1695209136095,,1673564,,
1695209137088,165192,,,,
1695209137093,1704212,,1689228,
1695209137096,,1673564,,
1695209138089,165332,,,,
1695209138093,1704212,,1689228,
1695209138095,,1673564,,
1695209139089,165416,,,,
1695209139093,,,1689228,
1695209139094,1704212,1673564,,
1695209140088,165496,,,,
1695209140094,1704212,,,
1695209140095,,1673564,1689228,
1695209141088,165580,,,,
1695209141093,,,1689228,
1695209141094,1704212,,,
1695209141096,,1673564,,
1695209142088,165664,,,,
1695209142093,1704212,,1689228,
1695209142096,,1673564,,
1695209143090,165744,,,,
1695209143097,1704212,,1689228,
1695209143104,,1673564,,
1695209144089,165824,,,,
1695209144093,1704212,,1689228,
1695209144095,,1673564,,
1695209145088,165924,,,,
1695209145093,1704212,,1689228,
1695209145095,,1673564,,
1695209146088,166008,,,,
1695209146093,1704212,,1689228,
1695209146094,,1673564,,
1695209147088,166088,,,,
1695209147093,1704212,,1689228,
1695209147095,,1673564,,
1695209148088,166172,,,,
1695209148093,1704212,,1689228,
1695209148096,,1673564,,
1695209149088,166252,,,,
1695209149097,,,1689300,
1695209149102,,1673568,,
1695209149109,1704328,,,
1695209150088,166336,,,,
1695209150093,1704328,,,
1695209150094,,,1689300,
1695209150096,,1673568,,
1695209151088,166416,,,,
1695209151093,,,1689300,
1695209151094,1704328,1673568,,
1695209152088,166500,,,,
1695209152093,1704328,,1689300,
1695209152095,,1673568,,
1695209153088,166580,,,,
1695209153094,,,1689300,
1695209153095,1704328,1673568,,
1695209154088,166664,,,,
1695209154093,1704328,,1689476,
1695209154095,,1673568,,
1695209155088,166748,,,,
1695209155093,,,1689476,
1695209155095,1704328,,,
1695209155096,,1673568,,
1695209156088,166828,,,,
1695209156093,,,1689476,
1695209156094,1704328,,,
1695209156095,,1673568,,
1695209157088,166912,,,,
1695209157093,,,1689476,
1695209157094,1704328,,,
1695209157095,,1673568,,
1695209158088,166992,,,,
1695209158093,,,1689476,
1695209158094,1704328,1673568,,
1695209159088,167072,,,,
1695209159094,1704328,,1689476,
1695209159095,,1673568,,
1695209160088,167156,,,,
1695209160093,1704328,,1689476,
1695209160096,,1673568,,
1695209161088,167240,,,,
1695209161093,1704328,,1689476,
1695209161095,,1673568,,
1695209162088,167320,,,,
1695209162094,1704328,,,
1695209162095,,1673568,1689476,
1695209163089,167404,,,,
1695209163093,1704328,,1689476,
1695209163095,,1673568,,
1695209164089,167484,,,,
1695209164093,1704328,,1689476,
1695209164094,,1673568,,
1695209165088,167568,,,,
1695209165093,1704328,,1689476,
1695209165095,,1673568,,
1695209166089,167648,,,,
1695209166093,1704328,,1689476,
1695209166095,,1673568,,
1695209167088,167732,,,,
1695209167093,1704328,,1689476,
1695209167095,,1673568,,
1695209168088,167816,,,,
1695209168093,1704328,,1689476,
1695209168095,,1673568,,
1695209169088,167896,,,,
1695209169093,1704328,,1689476,
1695209169095,,1673568,,
1695209170088,169556,,,,
1695209170093,,,1689476,
1695209170094,1704328,1673568,,
1695209171088,169636,,,,
1695209171093,1704328,,1689476,
1695209171095,,1673568,,
1695209172088,169716,,,,
1695209172093,1704448,,1689476,
1695209172095,,1673568,,
1695209173088,169800,,,,
1695209173093,1704448,,,
1695209173094,,1673568,1689476,
1695209174088,169884,,,,
1695209174093,1704448,,1689476,
1695209174095,,1673568,,
1695209175088,169964,,,,
1695209175093,,,1689476,
1695209175094,1704448,,,
1695209175095,,1673568,,
1695209176088,170048,,,,
1695209176093,1704452,,1689476,
1695209176095,,1673568,,
1695209177088,170128,,,,
1695209177093,,,1689476,
1695209177094,1704452,1673832,,
1695209178088,170212,,,,
1695209178093,1704452,,1689476,
1695209178095,,1673832,,
1695209179088,170292,,,,
1695209179093,1704452,,1689476,
1695209179097,,1673832,,
1695209180088,170376,,,,
1695209180093,1704452,,1689476,
1695209180095,,1673832,