Timestamp,Slave 0,Slave 1,Slave 2,
1695153021039,0,,,,
1695153021044,0.012657832229028628,,,,
1695153021046,,,0,
1695153021047,,0,,
1695153021048,0,,,
1695153021053,0.11351135113511351,,0.12841011292095533,
1695153021054,,0.1277116864940518,,
1695153022040,0.008776328986960883,,,,
1695153022047,,,0.30809859154929575,
1695153022049,0.32379518072289154,0.28391959798994976,,
1695153023040,0.00125,,,,
1695153023047,,,0.3225,
1695153023049,0.35625,0.285,,
1695153024040,0.0,,,,
1695153024047,,0.32690380761523047,0.245,
1695153024049,0.37,,,
1695153025040,0.0,,,,
1695153025047,,0.27875,0.2775,
1695153025049,0.3,,,
1695153026040,0.0012487512487512488,,,,
1695153026047,,,0.275,
1695153026049,0.29125,0.26696606786427146,,
1695153027040,0.00875,,,,
1695153027047,,0.3106212424849699,0.28875,
1695153027049,0.2875,,,
1695153028040,0.00125,,,,
1695153028047,,0.2525,0.31875,
1695153028049,0.2975,,,
1695153029040,0.0,,,,
1695153029047,,,0.29625,
1695153029049,0.29,0.25449101796407186,,
1695153030040,0.00125,,,,
1695153030047,,,0.2575,
1695153030049,0.27,0.265,,
1695153031040,0.00125,,,,
1695153031047,,0.2530060120240481,0.27875,
1695153031049,0.26875,,,
1695153032040,0.0,,,,
1695153032047,,0.24875,0.27375,
1695153032049,0.27375,,,
1695153033040,0.0,,,,
1695153033047,,0.255,0.27375,
1695153033049,0.27,,,
1695153034040,0.00125,,,,
1695153034047,,0.26125,0.27625,
1695153034049,0.26125,,,
1695153035040,0.0,,,,
1695153035047,,0.2825,0.25,
1695153035049,0.2675,,,
1695153036040,0.0,,,,
1695153036047,,,0.265,
1695153036048,,0.25724275724275725,,
1695153036049,0.2575,,,
1695153037040,0.0012512512512512512,,,,
1695153037047,,0.2552552552552553,0.26125,
1695153037049,0.26375,,,
1695153038040,0.00125,,,,
1695153038047,,0.265,0.25875,
1695153038049,0.2725,,,
1695153039040,0.00125,,,,
1695153039047,,0.26625,0.2575,
1695153039049,0.27625,,,
1695153040040,0.0,,,,
1695153040047,,0.255,0.2625,
1695153040049,0.2775,,,
1695153041040,0.00125,,,,
1695153041047,,0.26125,0.2675,
1695153041049,0.27,,,
1695153042040,0.0,,,,
1695153042047,,0.25625,0.2625,
1695153042050,0.275974025974026,,,
1695153043040,0.00125,,,,
1695153043047,,0.26375,0.265,
1695153043049,0.2677677677677678,,,
1695153044040,0.0,,,,
1695153044047,,0.2625,0.25875,
1695153044049,0.27125,,,
1695153045040,0.0,,,,
1695153045047,,0.25625,0.275,
1695153045049,0.26625,,,
1695153046040,0.00125,,,,
1695153046047,,0.2625,0.26875,
1695153046049,0.2675,,,
1695153047040,0.0,,,,
1695153047047,,0.25875,0.27,
1695153047049,0.2675,,,
1695153048040,0.00125,,,,
1695153048051,0.2741774675972084,0.2577191235059761,,
1695153048066,,,0.2735525024533857,
1695153049040,0.00125,,,,
1695153049047,,0.2522590361445783,0.2612130479102956,
1695153049049,0.2733199598796389,,,
1695153050040,0.0,,,,
1695153050047,,0.26,0.2725,
1695153050049,0.2675,,,
1695153051040,0.00125,,,,
1695153051047,,0.26125,0.26625,
1695153051049,0.2725,,,
1695153052040,0.0,,,,
1695153052047,,,0.2575,
1695153052053,0.28386454183266935,,,
1695153052059,,0.2630928853754941,,
1695153053040,0.00125,,,,
1695153053047,,0.256831983805668,0.2725,
1695153053049,0.26731927710843373,,,
1695153054040,0.0,,,,
1695153054047,,0.25375,0.27,
1695153054049,0.275,,,
1695153055040,0.0,,,,
1695153055047,,0.25625,0.275,
1695153055050,0.270979020979021,,,
1695153056040,0.00125,,,,
1695153056047,,0.2525,0.26,
1695153056049,0.2877877877877878,,,
1695153057040,0.0,,,,
1695153057047,,0.26375,0.275,
1695153057049,0.26,,,
1695153058040,0.0,,,,
1695153058047,,0.26125,0.27,
1695153058049,0.27125,,,
1695153059040,0.0,,,,
1695153059047,,0.25375,0.26375,
1695153059049,0.27875,,,
1695153060040,0.0025,,,,
1695153060047,,0.265,0.27375,
1695153060049,0.26375,,,
1695153061040,0.0,,,,
1695153061047,,0.2525,0.2725,
1695153061049,0.27125,,,
1695153062040,0.00125,,,,
1695153062047,,0.27,0.2625,
1695153062049,0.26875,,,
1695153063040,0.0,,,,
1695153063047,,0.26,0.2725,
1695153063049,0.27375,,,
1695153064040,0.0,,,,
1695153064047,,0.25375,0.2725,
1695153064049,0.27625,,,
1695153065040,0.00125,,,,
1695153065047,,0.26875,0.26375,
1695153065049,0.27,,,
1695153066040,0.0,,,,
1695153066047,,,0.26875,
1695153066054,0.27114427860696516,,,
1695153066057,,0.2636138613861386,,
1695153067040,0.0,,,,
1695153067047,,0.2537878787878788,0.26875,
1695153067049,0.27638190954773867,,,
1695153068040,0.0,,,,
1695153068047,,0.260989010989011,,
1695153068049,0.26875,,,
1695153068051,,,0.2739043824701195,
1695153069040,0.0,,,,
1695153069047,,0.2577577577577578,0.2648092369477912,
1695153069049,0.28,,,
1695153070040,0.00125,,,,
1695153070047,,0.2625,0.27375,
1695153070049,0.26625,,,
1695153071040,0.0,,,,
1695153071047,,0.25,,
1695153071048,,,0.270979020979021,
1695153071049,0.27875,,,
1695153072040,0.0012512512512512512,,,,
1695153072047,,0.2625,0.2602602602602603,
1695153072049,0.27875,,,
1695153073040,0.0,,,,
1695153073047,,0.2625,0.27375,
1695153073049,0.2675,,,
1695153074040,0.00125,,,,
1695153074047,,0.25625,0.26625,
1695153074049,0.28,,,
1695153075040,0.0,,,,
1695153075047,,0.2625,0.275,
1695153075049,0.26375,,,
1695153076040,0.00125,,,,
1695153076047,,0.25375,0.27375,
1695153076049,0.2775,,,
1695153077040,0.00125,,,,
1695153077047,,0.27,0.26125,
1695153077048,0.26875,,,
1695153078040,0.0,,,,
1695153078047,,0.255,0.2775,
1695153078049,0.275,,,
1695153079040,0.0,,,,
1695153079047,,0.2625,0.27,
1695153079049,0.27625,,,
1695153080040,0.0,,,,
1695153080047,,0.26875,0.2625,
1695153080048,0.27,,,
1695153081040,0.0,,,,
1695153081047,,0.25875,0.27875,
1695153081049,0.27125,,,
1695153082040,0.00125,,,,
1695153082047,,0.27,0.27125,
1695153082049,0.26375,,,
1695153083040,0.0,,,,
1695153083047,,0.26375,0.265,
1695153083049,0.28,,,
1695153084040,0.00125,,,,
1695153084047,,0.26625,0.27625,
1695153084048,0.26625,,,
1695153085040,0.00125,,,,
1695153085047,,0.25375,0.275,
1695153085049,0.27875,,,
1695153086040,0.0,,,,
1695153086047,,0.2675,0.2675,
1695153086048,0.27625,,,
1695153087040,0.005,,,,
1695153087047,,0.24875,0.2775,
1695153087049,0.30125,,,
1695153088040,0.0,,,,
1695153088047,,0.26375,0.28125,
1695153088048,0.2875,,,
1695153089040,0.04375,,,,
1695153089047,,,0.26375,
1695153089048,0.27875,,,
1695153089057,,0.2537128712871287,,
1695153090040,0.015,,,,
1695153090047,,0.22853535353535354,0.2875,
1695153090048,0.305,,,
1695153091040,0.00125,,,,
1695153091047,,0.27125,0.255,
1695153091049,0.28375,,,
1695153092040,0.0,,,,
1695153092047,,0.25875,0.275,
1695153092048,0.27625,,,
1695153093040,0.00125,,,,
1695153093047,,,0.27625,
1695153093048,0.26375,0.26723276723276723,,
1695153094040,0.0,,,,
1695153094047,,0.27402402402402404,0.25875,
1695153094049,0.27375,,,
1695153095040,0.0,,,,
1695153095047,,0.25875,0.27625,
1695153095048,0.26875,,,
1695153096040,0.0,,,,
1695153096047,,0.26625,0.26875,
1695153096049,0.2725,,,
1695153097040,0.0,,,,
1695153097047,,0.25375,0.27,
1695153097049,0.28625,,,
1695153098040,0.00125,,,,
1695153098047,,0.26625,0.27625,
1695153098049,0.27,,,
1695153099040,0.0,,,,
1695153099047,,0.265,0.27,
1695153099048,0.27375,,,
1695153100040,0.0,,,,
1695153100047,,0.265,0.27,
1695153100048,0.2725,,,
1695153101040,0.00125,,,,
1695153101047,,0.26375,0.2725,
1695153101048,0.275,,,
1695153102040,0.0,,,,
1695153102047,,0.26,0.27875,
1695153102049,0.275,,,
1695153103040,0.0,,,,
1695153103047,,0.265,0.26375,
1695153103049,0.285,,,
1695153104040,0.0,,,,
1695153104047,,0.255,0.27625,
1695153104048,0.28,,,
1695153105040,0.0,,,,
1695153105047,,0.26375,0.28,
1695153105049,0.26875,,,
1695153106040,0.00125,,,,
1695153106047,,0.26625,0.2675,
1695153106049,0.28125,,,
1695153107040,0.00125,,,,
1695153107047,,0.27,0.27625,
1695153107048,0.2675,,,
1695153108040,0.0,,,,
1695153108047,,0.26375,0.275,
1695153108048,0.2775,,,
1695153109040,0.0,,,,
1695153109047,,0.26625,0.2725,
1695153109048,0.2775,,,
1695153110040,0.0,,,,
1695153110047,,0.26625,0.27625,
1695153110048,0.275,,,
1695153111040,0.0,,,,
1695153111047,,0.2575,0.27875,
1695153111049,0.28,,,
1695153112040,0.0012487512487512488,,,,
1695153112048,0.26875,0.26973026973026976,,
1695153112050,,,0.27791625124626124,
1695153113040,0.0,,,,
1695153113047,,,0.264543630892678,
1695153113048,0.28,,,
1695153113051,,0.2716849451645065,,
1695153114040,0.0,,,,
1695153114047,,0.2648092369477912,0.28125,
1695153114048,0.2725,,,
1695153115040,0.01375,,,,
1695153115047,,0.26375,0.26875,
1695153115048,0.27125,,,
1695153116040,0.0075,,,,
1695153116047,,0.26375,0.27,
1695153116049,0.28,,,
1695153117040,0.0,,,,
1695153117047,,0.265,0.27375,
1695153117049,0.28,,,
1695153118040,0.0,,,,
1695153118047,,0.26875,0.27625,
1695153118048,0.275,,,
1695153119040,0.00125,,,,
1695153119047,,0.26375,0.27,
1695153119048,0.285,,,
1695153120040,0.0,,,,
1695153120047,,0.26875,0.275,
1695153120048,0.28,,,
1695153121040,0.0,,,,
1695153121047,,0.2675,0.2825,
1695153121048,0.2725,,,
1695153122040,0.0,,,,
1695153122047,,0.2775,0.265,
1695153122049,0.28125,,,
1695153123040,0.0,,,,
1695153123047,,0.2725,0.2775,
1695153123048,0.2675,,,
1695153124040,0.0,,,,
1695153124047,,0.26375,0.28125,
1695153124048,0.28,,,
1695153125040,0.0,,,,
1695153125047,,0.2725,0.2775,
1695153125049,0.27375,,,
1695153126040,0.00125,,,,
1695153126047,,0.25875,0.285,
1695153126049,0.28,,,
1695153127040,0.0,,,,
1695153127047,,0.27125,0.2825,
1695153127048,0.27375,,,
1695153128040,0.00125,,,,
1695153128047,,0.26875,0.265,
1695153128048,0.29125,,,
1695153129040,0.0,,,,
1695153129047,,0.26375,0.2825,
1695153129048,0.27625,,,
1695153130040,0.0,,,,
1695153130047,,0.265,0.27625,
1695153130048,0.2825,,,
1695153131040,0.005,,,,
1695153131047,,0.26625,0.27,
1695153131048,0.28375,,,
1695153132040,0.00125,,,,
1695153132047,,0.265,0.28,
1695153132048,0.28375,,,
1695153133040,0.0,,,,
1695153133047,,0.265,0.27625,
1695153133048,0.285,,,
1695153134040,0.0,,,,
1695153134048,,0.26848151848151847,,
1695153134051,0.27944111776447106,,,
1695153134063,,,0.28515240904621436,
1695153135040,0.0,,,,
1695153135047,,0.2727727727727728,0.2657680569684639,
1695153135049,0.280561122244489,,,
1695153136040,0.0,,,,
1695153136047,,0.26625,0.285,
1695153136048,0.2725,,,
1695153137040,0.00125,,,,
1695153137047,,0.27375,0.2675,
1695153137049,0.285,,,
1695153138040,0.0,,,,
1695153138047,,0.265,0.28625,
1695153138048,0.27625,,,
1695153139040,0.00125,,,,
1695153139047,,0.2675,0.2775,
1695153139048,0.2825,,,
1695153140040,0.0,,,,
1695153140047,,0.27125,0.2825,
1695153140048,0.27375,,,
1695153141040,0.0,,,,
1695153141047,,0.265,0.26875,
1695153141048,0.28625,,,
1695153142040,0.00125,,,,
1695153142047,,0.2675,0.28,
1695153142048,0.27375,,,
1695153143040,0.0,,,,
1695153143047,,0.2575,0.275,
1695153143048,0.2875,,,
1695153144040,0.0,,,,
1695153144047,,0.26875,0.26625,
1695153144048,0.28875,,,
1695153145040,0.0,,,,
1695153145047,,0.26,0.285,
1695153145048,0.27625,,,
1695153146040,0.00125,,,,
1695153146047,,0.26875,0.26375,
1695153146048,0.2875,,,
1695153147040,0.0075,,,,
1695153147047,,0.26,0.28,
1695153147048,0.275,,,
1695153148040,0.0,,,,
1695153148047,,0.26375,0.27375,
1695153148049,0.28125,,,
1695153149040,0.00125,,,,
1695153149047,,0.27375,0.27,
1695153149049,0.2725,,,
1695153150040,0.0,,,,
1695153150047,,0.25625,0.2825,
1695153150049,0.2775,,,
1695153151040,0.0,,,,
1695153151047,,0.2675,0.28375,
1695153151048,0.2675,,,
1695153152040,0.0,,,,
1695153152047,,0.26,0.27125,
1695153152048,0.285,,,
1695153153040,0.0,,,,
1695153153047,,0.2675,0.2825,
1695153153049,0.27,,,
1695153154040,0.00125,,,,
1695153154047,,0.25625,0.28,
1695153154048,0.27875,,,
1695153155040,0.0,,,,
1695153155047,,0.27625,0.26875,
1695153155048,0.27375,,,
1695153156040,0.0,,,,
1695153156047,,0.26875,0.27375,
1695153156048,0.27625,,,
1695153157040,0.00125,,,,
1695153157047,,0.26,0.27875,
1695153157048,0.27625,,,
1695153158040,0.0,,,,
1695153158047,,0.27,0.2625,
1695153158048,0.285,,,
1695153159040,0.00125,,,,
1695153159047,,0.2575,0.28,
1695153159048,0.2825,,,
1695153160040,0.0,,,,
1695153160047,,0.27,0.27875,
1695153160048,0.2675,,,
1695153161040,0.0075,,,,
1695153161047,,0.25875,0.2675,
1695153161048,0.28375,,,
1695153162040,0.0,,,,
1695153162047,,0.26875,0.28,
1695153162048,0.26625,,,
1695153163040,0.00125,,,,
1695153163047,,0.26875,0.2725,
1695153163048,0.27625,,,
1695153164040,0.0,,,,
1695153164047,,0.2675,0.26625,
1695153164048,0.27875,,,
1695153165040,0.0,,,,
1695153165047,,0.27,0.275,
1695153165048,0.27625,,,
1695153166040,0.0,,,,
1695153166047,,0.26,0.2825,
1695153166048,0.27125,,,
1695153167040,0.00125,,,,
1695153167047,,0.27,0.265,
1695153167048,0.285,,,
1695153168040,0.0,,,,
1695153168047,,0.26125,0.28375,
1695153168048,0.275,,,
1695153169040,0.00125,,,,
1695153169047,,0.27,0.26625,
1695153169049,0.28375,,,
1695153170040,0.0,,,,
1695153170047,,0.2675,0.27875,
1695153170048,0.27375,,,
1695153171040,0.0,,,,
1695153171047,,0.2575,0.28,
1695153171049,0.285,,,
1695153172040,0.0,,,,
1695153172047,,0.27,0.27125,
1695153172048,0.2775,,,
1695153173040,0.0,,,,
1695153173047,,0.25875,0.27875,
1695153173048,0.28625,,,
1695153174040,0.0,,,,
1695153174047,,,0.2597402597402597,
1695153174048,,0.250999000999001,,
1695153174059,0.3056930693069307,,,
1695153175040,0.0012512512512512512,,,,
1695153175047,,0.2627627627627628,0.26651651651651653,
1695153175048,0.2815656565656566,,,
1695153176040,0.0,,,,
1695153176047,,0.27,0.2775,
1695153176048,0.2725,,,
1695153177040,0.0,,,,
1695153177047,,0.2675,0.2825,
1695153177048,0.27,,,
1695153178040,0.0,,,,
1695153178047,,0.2725,0.26625,
1695153178049,0.28125,,,
1695153179040,0.0,,,,
1695153179047,,0.26875,0.28375,
1695153179048,0.27,,,
1695153180040,0.0,,,,
1695153180047,,0.2575,0.28375,
1695153180048,0.2775,,,
1695153181040,0.00125,,,,
1695153181047,,0.27375,0.27125,
1695153181048,0.275,,,
1695153182040,0.00125,,,,
1695153182047,,0.25875,0.27875,
1695153182048,0.2825,,,
1695153183040,0.0,,,,
1695153183047,,0.2675,0.2775,
1695153183048,0.275,,,
1695153184040,0.0,,,,
1695153184047,,0.265,0.2675,
1695153184049,0.28625,,,
1695153185040,0.0,,,,
1695153185047,,0.26875,0.27875,
1695153185048,0.27375,,,
1695153186040,0.0,,,,
1695153186047,,0.26875,0.2675,
1695153186048,0.285,,,
1695153187040,0.0,,,,
1695153187047,,0.26125,0.27875,
1695153187048,0.2825,,,
1695153188040,0.0012512512512512512,,,,
1695153188047,,0.27,0.28,
1695153188048,0.27375,,,
1695153189040,0.0,,,,
1695153189047,,,0.2725,
1695153189048,,0.26723276723276723,,
1695153189049,0.28375,,,
1695153190040,0.0,,,,
1695153190047,,0.2727727727727728,0.285,
1695153190048,0.26875,,,
1695153191040,0.0,,,,
1695153191047,,0.26125,0.285,
1695153191048,0.28125,,,
1695153192040,0.0,,,,
1695153192047,,0.27375,0.27,
1695153192048,0.27625,,,
1695153193040,0.0,,,,
1695153193047,,0.25875,0.2825,
1695153193048,0.28375,,,
1695153194040,0.0,,,,
1695153194047,,0.26875,0.28125,
1695153194048,0.2775,,,
1695153195040,0.0025,,,,
1695153195047,,0.2675,0.2725,
1695153195048,0.28625,,,
1695153196040,0.0,,,,
1695153196047,,0.275,0.28125,
1695153196048,0.27125,,,
1695153197040,0.0,,,,
1695153197047,,0.26375,0.28375,
1695153197048,0.28125,,,
1695153198040,0.0,,,,
1695153198047,,0.275,0.27375,
1695153198048,0.2775,,,
1695153199040,0.0,,,,
1695153199047,,0.27,0.27875,
1695153199049,0.27625,,,
1695153200040,0.0,,,,
1695153200047,,0.26625,0.2825,
1695153200049,0.27625,,,
1695153201040,0.0,,,,
1695153201047,,0.27375,0.27,
1695153201048,0.2825,,,
1695153202040,0.00125,,,,
1695153202047,,0.25875,0.28625,
1695153202048,0.28125,,,
1695153203040,0.0,,,,
1695153203047,,0.2975,0.255,
1695153203049,0.2625,,,
1695153204040,0.0,,,,
1695153204047,,0.26375,0.28125,
1695153204048,0.2875,,,
1695153205040,0.0,,,,
1695153205047,,0.2675,0.27875,
1695153205048,0.28125,,,
1695153206040,0.0,,,,
1695153206047,,0.26625,0.2675,
1695153206049,0.29125,,,
1695153207040,0.0,,,,
1695153207047,,0.2725,0.28,
1695153207048,0.275,,,
1695153208040,0.00125,,,,
1695153208047,,0.22375,0.36125,
1695153208048,0.25125,,,
1695153209040,0.0,,,,
1695153209047,,0.275,0.27125,
1695153209048,0.2775,,,
1695153210039,0.0,,,,
1695153210047,,0.26,0.28125,
1695153210048,0.28125,,,
1695153211040,0.0,,,,
1695153211047,,0.26875,0.2825,
1695153211048,0.2725,,,
1695153212040,0.0,,,,
1695153212047,,0.265,0.26875,
1695153212048,0.28625,,,
1695153213040,0.00125,,,,
1695153213047,,0.26875,0.2825,
1695153213049,0.2725,,,
1695153214040,0.0,,,,
1695153214047,,0.265,0.26875,
1695153214048,0.28375,,,
1695153215040,0.00125,,,,
1695153215047,,,0.28375,
1695153215048,0.26875,0.270979020979021,,
1695153216040,0.0,,,,
1695153216047,,0.2577577577577578,0.2825,
1695153216049,0.28125,,,
1695153217040,0.0,,,,
1695153217047,,0.27375,0.26625,
1695153217048,0.28,,,
1695153218040,0.0,,,,
1695153218047,,0.2625,0.285,
1695153218048,0.27625,,,
1695153219040,0.00125,,,,
1695153219047,,0.26375,0.27625,
1695153219049,0.27625,,,
1695153220040,0.0,,,,
1695153220047,,0.26375,0.2725,
1695153220048,0.27875,,,
1695153221040,0.0,,,,
1695153221047,,0.26375,0.2775,
1695153221049,0.27875,,,
1695153222040,0.00125,,,,
1695153222047,,0.2625,0.28375,
1695153222049,0.27375,,,
1695153223040,0.0,,,,
1695153223047,,0.27,0.26625,
1695153223048,0.28,,,
1695153224040,0.0,,,,
1695153224047,,0.35125,0.2475,
1695153224048,0.235,,,
1695153225040,0.0,,,,
1695153225047,,0.24375,0.22625,
1695153225049,0.36125,,,
1695153226040,0.00125,,,,
1695153226047,,0.2525,0.27125,
1695153226049,0.29875,,,
1695153227040,0.0,,,,
1695153227047,,0.2625,0.28,
1695153227049,0.2775,,,
1695153228040,0.0,,,,
1695153228047,,0.265,0.27875,
1695153228049,0.2775,,,
1695153229040,0.0,,,,
1695153229047,,0.265,0.27625,
1695153229048,0.27875,,,
1695153230040,0.00125,,,,
1695153230047,,0.2675,0.2825,
1695153230048,0.275,,,
1695153231040,0.0,,,,
1695153231047,,0.27125,0.265,
1695153231048,0.28375,,,
1695153232040,0.0,,,,
1695153232047,,0.265,0.28375,
1695153232049,0.27625,,,
1695153233040,0.0,,,,
1695153233047,,0.26875,0.27625,
1695153233048,0.28125,,,
1695153234040,0.0,,,,
1695153234047,,0.26375,0.2675,
1695153234048,0.29,,,
1695153235040,0.00125,,,,
1695153235047,,0.27,0.28,
1695153235048,0.27375,,,
1695153236040,0.00375,,,,
1695153236047,,0.25875,0.2675,
1695153236048,0.28125,,,
1695153237040,0.0,,,,
1695153237047,,0.27125,0.28125,
1695153237048,0.26875,,,
1695153238040,0.0,,,,
1695153238047,,0.2575,0.27875,
1695153238048,0.27875,,,
1695153239040,0.00125,,,,
1695153239047,,0.27125,0.26875,
1695153239048,0.275,,,
1695153240040,0.0,,,,
1695153240047,,0.25625,0.27875,
1695153240048,0.27875,,,
1695153241040,0.0,,,,
1695153241047,,0.2675,0.28,
1695153241048,0.26875,,,
1695153242040,0.00125,,,,
1695153242047,,0.26625,0.2675,
1695153242048,0.28125,,,
1695153243040,0.0,,,,
1695153243047,,0.2725,0.2775,
1695153243048,0.265,,,
1695153244040,0.0025,,,,
1695153244047,,0.25875,0.27625,
1695153244048,0.28,,,
1695153245040,0.00125,,,,
1695153245047,,0.26875,0.26875,
1695153245048,0.27625,,,
1695153246040,0.0,,,,
1695153246047,,0.255,0.2825,
1695153246048,0.28125,,,
1695153247040,0.0,,,,
1695153247047,,0.26125,0.27875,
1695153247048,0.275,,,
1695153248040,0.0,,,,
1695153248047,,0.2725,0.27125,
1695153248048,0.275,,,
1695153249040,0.0,,,,
1695153249047,,0.26,0.28125,
1695153249048,0.28,,,
1695153250040,0.00125,,,,
1695153250047,,0.26625,0.2825,
1695153250048,0.26875,,,
1695153251040,0.0,,,,
1695153251047,,0.26375,0.27,
1695153251048,0.28375,,,
1695153252040,0.0,,,,
1695153252047,,0.26875,0.28,
1695153252048,0.27125,,,
1695153253040,0.0,,,,
1695153253047,,0.26,0.26875,
1695153253048,0.29,,,
1695153254040,0.0,,,,
1695153254047,,0.27125,0.2725,
1695153254048,0.27,,,
1695153255040,0.0,,,,
1695153255047,,0.26,0.2775,
1695153255048,0.27625,,,
1695153256040,0.00125,,,,
1695153256047,,0.27125,0.26875,
1695153256048,0.275,,,
1695153257040,0.0,,,,
1695153257047,,0.2575,0.27875,
1695153257048,0.27875,,,
1695153258040,0.00125,,,,
1695153258047,,0.265,0.28,
1695153258048,0.26875,,,
1695153259040,0.0,,,,
1695153259047,,0.25625,0.24875,
1695153259048,0.30625,,,
1695153260040,0.0,,,,
1695153260047,,,0.28125,
1695153260048,,0.2647352647352647,,
1695153260054,0.27238805970149255,,,
1695153261040,0.0,,,,
1695153261047,,0.2602602602602603,0.27875,
1695153261048,0.26884422110552764,,,
1695153262040,0.0025,,,,
1695153262047,,0.26875,0.265,
1695153262048,0.2775,,,
1695153263040,0.0,,,,
1695153263047,,0.25875,0.285,
1695153263048,0.27,,,
1695153264040,0.0,,,,
1695153264047,,0.2625,0.2725,
1695153264048,0.27625,,,
1695153265040,0.0,,,,
1695153265047,,0.26875,0.26875,
1695153265048,0.2775,,,
1695153266040,0.00125,,,,
1695153266047,,0.2675,0.275,
1695153266049,0.27375,,,
1695153267040,0.0,,,,
1695153267047,,0.265,0.26875,
1695153267048,0.2775,,,
1695153268040,0.0,,,,
1695153268047,,0.265,0.2775,
1695153268048,0.27625,,,
1695153269040,0.0,,,,
1695153269047,,0.26125,0.28625,
1695153269048,0.27,,,
1695153270040,0.00125,,,,
1695153270047,,0.2675,0.26875,
1695153270048,0.2775,,,
1695153271040,0.0,,,,
1695153271047,,0.26375,0.28,
1695153271048,0.27,,,
1695153272040,0.0025,,,,
1695153272047,,0.265,0.2775,
1695153272049,0.2775,,,
1695153273040,0.0,,,,
1695153273047,,0.26625,0.27125,
1695153273049,0.27875,,,
1695153274040,0.08875,,,,
1695153274047,,0.24,0.25375,
1695153274048,0.2475,,,
1695153275040,0.0,,,,
1695153275047,,0.25724275724275725,0.28375,
1695153275059,0.2784653465346535,,,
1695153276040,0.0012512512512512512,,,,
1695153276047,,0.2652652652652653,0.26625,
1695153276049,0.2702020202020202,,,
1695153277040,0.00125,,,,
1695153277047,,0.25875,0.27875,
1695153277049,0.2775,,,
1695153278039,0.0,,,,
1695153278047,,0.265,0.27625,
1695153278048,0.2675,,,
1695153279040,0.00125,,,,
1695153279047,,0.26125,0.26625,
1695153279048,0.28375,,,
1695153280040,0.0,,,,
1695153280047,,0.27,0.27625,
1695153280048,0.2675,,,
1695153281040,0.0,,,,
1695153281047,,0.2625,0.26625,
1695153281048,0.28125,,,
1695153282040,0.0,,,,
1695153282047,,0.265,0.28125,
1695153282048,0.26625,,,
1695153283040,0.0,,,,
1695153283047,,0.25625,0.28125,
1695153283048,0.2775,,,
1695153284039,0.0,,,,
1695153284047,,0.2725,0.2675,
1695153284048,0.27375,,,
1695153285039,0.0,,,,
1695153285047,,0.25875,0.28125,
1695153285048,0.2775,,,
1695153286039,0.0,,,,
1695153286047,,0.2675,0.28125,
1695153286048,0.2675,,,
1695153287040,0.00125,,,,
1695153287047,,0.26625,0.26625,
1695153287048,0.28125,,,
1695153288040,0.0,,,,
1695153288047,,0.26875,0.27875,
1695153288048,0.26875,,,
1695153289040,0.0,,,,
1695153289047,,0.26,0.28125,
1695153289048,0.28125,,,
1695153290040,0.0,,,,
1695153290047,,0.26875,0.265,
1695153290048,0.28125,,,
1695153291040,0.0,,,,
1695153291047,,0.26,0.28125,
1695153291048,0.2725,,,
1695153292040,0.0,,,,
1695153292047,,0.26375,0.27875,
1695153292048,0.2775,,,
1695153293040,0.0025,,,,
1695153293047,,0.26875,0.27125,
1695153293048,0.275,,,
1695153294040,0.0,,,,
1695153294047,,0.2675,0.2775,
1695153294048,0.2775,,,
1695153295040,0.0,,,,
1695153295047,,,0.28125,
1695153295048,0.27,0.265984015984016,,
1695153296039,0.0,,,,
1695153296047,,0.2752752752752753,0.265,
1695153296048,0.28125,,,
1695153297040,0.0,,,,
1695153297047,,0.265,0.2825,
1695153297048,0.27375,,,
1695153298039,0.0,,,,
1695153298047,,0.26875,0.26625,
1695153298048,0.28625,,,
1695153299039,0.0,,,,
1695153299047,,0.25875,0.285,
1695153299048,0.27625,,,
1695153300040,0.0,,,,
1695153300047,,0.26625,0.27875,
1695153300048,0.275,,,
1695153301039,0.0,,,,
1695153301047,,0.2675,0.2725,
1695153301048,0.27875,,,
1695153302039,0.00125,,,,
1695153302047,,0.255,0.27125,
1695153302048,0.2725,,,
1695153303040,0.0,,,,
1695153303047,,0.25875,0.28,
1695153303048,0.285,,,
1695153304040,0.0,,,,
1695153304047,,0.27375,0.26875,
1695153304048,0.28,,,
1695153305039,0.0025,,,,
1695153305047,,0.2575,0.285,
1695153305048,0.27875,,,
1695153306040,0.0,,,,
1695153306047,,0.2725,0.28625,
1695153306048,0.2675,,,
1695153307040,0.0,,,,
1695153307047,,0.26375,0.27125,
1695153307048,0.2875,,,
1695153308040,0.0,,,,
1695153308047,,0.2725,0.28,
1695153308048,0.27,,,
1695153309039,0.0,,,,
1695153309047,,0.26125,0.28,
1695153309048,0.28375,,,
1695153310039,0.0,,,,
1695153310047,,0.2925,0.25625,
1695153310048,0.265,,,
1695153311040,0.00125,,,,
1695153311047,,0.26,0.28,
1695153311048,0.28125,,,
1695153312040,0.0,,,,
1695153312047,,0.26875,0.28125,
1695153312048,0.27375,,,
1695153313040,0.0,,,,
1695153313047,,0.2675,0.26875,
1695153313048,0.285,,,
1695153314040,0.0,,,,
1695153314047,,0.2725,0.2825,
1695153314048,0.27125,,,
1695153315040,0.0,,,,
1695153315047,,0.26375,,
1695153315048,0.28,,0.27972027972027974,
1695153316040,0.0,,,,
1695153316047,,,0.2677677677677678,
1695153316048,,0.27472527472527475,,
1695153316052,0.28414755732801594,,,
1695153317040,0.00125,,,,
1695153317047,,0.2652652652652653,0.28375,
1695153317048,0.2733199598796389,,,
1695153318040,0.0,,,,
1695153318047,,0.270979020979021,0.26875,
1695153318048,0.28375,,,
1695153319040,0.0,,,,
1695153319047,,0.26401401401401403,0.285,
1695153319048,0.27875,,,
1695153320039,0.0,,,,
1695153320047,,0.265,0.28,
1695153320048,0.28,,,
1695153321039,0.00125,,,,
1695153321049,0.2775,,,
1695153321054,,,0.2718470705064548,
1695153321055,,0.2728174603174603,,
1695153322039,0.0,,,,
1695153322047,,,0.28197381671701915,
1695153322048,0.27875,0.2593152064451158,,
1695153323040,0.0,,,,
1695153323047,,0.26901901901901903,0.2825,
1695153323048,0.2725,,,
1695153324040,0.0,,,,
1695153324047,,0.265,0.27125,
1695153324048,0.2875,,,
1695153325039,0.0,,,,
1695153325047,,0.26875,0.2825,
1695153325048,0.27152152152152154,,,
1695153326039,0.0,,,,
1695153326047,,0.2625,0.28375,
1695153326048,0.280969030969031,,,
1695153327039,0.0,,,,
1695153327047,,0.27375,0.27,
1695153327048,0.27875,,,
1695153328039,0.00125,,,,
1695153328047,,0.26,0.28375,
1695153328048,0.28,,,
1695153329039,0.0,,,,
1695153329047,,0.26848151848151847,0.28125,
1695153329054,0.2798507462686567,,,
1695153330039,0.00125,,,,
1695153330047,,0.26651651651651653,0.27125,
1695153330048,0.27889447236180903,,,
1695153331039,0.0,,,,
1695153331047,,0.265,0.27625,
1695153331048,0.2775,,,
1695153332039,0.00125,,,,
1695153332047,,0.26,0.28375,
1695153332048,0.2725,,,
1695153333039,0.0,,,,
1695153333047,,0.27125,0.26625,
1695153333048,0.2825,,,
1695153334039,0.0,,,,
1695153334047,,0.2625,0.28375,
1695153334048,0.275,,,
1695153335040,0.0,,,,
1695153335047,,0.26625,0.27875,
1695153335048,0.2775,,,
1695153336039,0.0,,,,
1695153336047,,0.26625,0.27375,
1695153336048,0.2775,,,
1695153337039,0.0,,,,
1695153337047,,0.2675,0.2775,
1695153337048,0.275,,,
1695153338039,0.00125,,,,
1695153338047,,0.26,0.2825,
1695153338048,0.27625,,,
1695153339039,0.0,,,,
1695153339047,,0.26875,0.27,
1695153339048,0.285,,,
1695153340039,0.0,,,,
1695153340047,,0.26,0.28375,
1695153340048,0.275,,,
1695153341039,0.00125,,,,
1695153341047,,0.27,0.26875,
1695153341048,0.28625,,,
1695153342039,0.0,,,,
1695153342047,,0.265,0.285,
1695153342048,0.2725,,,
1695153343039,0.0,,,,
1695153343047,,0.26625,0.2825,
1695153343048,0.27875,,,
1695153344039,0.0,,,,
1695153344047,,0.25375,0.25625,
1695153344048,0.31,,,
1695153345039,0.0,,,,
1695153345047,,0.27125,0.285,
1695153345048,0.26875,,,
1695153346040,0.00125,,,,
1695153346047,,0.2625,0.27875,
1695153346048,0.27875,,,
1695153347039,0.0,,,,
1695153347047,,0.2775,0.26875,
1695153347048,0.27625,,,
1695153348039,0.0,,,,
1695153348047,,0.23625,0.26,
1695153348048,0.3375,,,
1695153349039,0.0,,,,
1695153349047,,0.28625,0.2725,
1695153349048,0.26375,,,
1695153350039,0.0025,,,,
1695153350047,,0.28,0.30875,
1695153350048,0.24125,,,
1695153351039,0.0,,,,
1695153351047,,0.27,0.2775,
1695153351048,0.27,,,
1695153352039,0.0,,,,
1695153352047,,0.26375,0.26625,
1695153352048,0.285,,,
1695153353039,0.0,,,,
1695153353047,,0.265,0.2775,
1695153353048,0.26875,,,
1695153354039,0.0,,,,
1695153354047,,0.2575,0.28125,
1695153354048,0.27875,,,
1695153355039,0.0,,,,
1695153355047,,0.27,0.2675,
1695153355048,0.2725,,,
1695153356039,0.0,,,,
1695153356047,,0.25875,0.27875,
1695153356048,0.2775,,,
1695153357039,0.00625,,,,
1695153357047,,0.26875,0.2775,
1695153357048,0.2675,,,
1695153358039,0.0,,,,
1695153358047,,0.26,0.27375,
1695153358048,0.28125,,,
1695153359039,0.0,,,,
1695153359047,,0.265,0.28375,
1695153359048,0.27,,,
1695153360039,0.0,,,,
1695153360047,,0.255,0.28125,
1695153360048,0.2825,,,
1695153361039,0.0,,,,
1695153361047,,0.275,0.26375,
1695153361048,0.28,,,
1695153362039,0.00125,,,,
1695153362047,,0.26,0.2775,
1695153362048,0.27375,,,
1695153363039,0.0,,,,
1695153363047,,0.27,0.2675,
1695153363048,0.27875,,,
1695153364039,0.0,,,,
1695153364047,,0.26,0.285,
1695153364048,0.2725,,,
1695153365039,0.0,,,,
1695153365047,,0.26125,0.2825,
1695153365048,0.27625,,,
1695153366039,0.0,,,,
1695153366047,,0.265,0.275,
1695153366048,0.275,,,
1695153367039,0.0,,,,
1695153367047,,0.2625,0.28125,
1695153367048,0.2775,,,
1695153368039,0.0,,,,
1695153368047,,0.26375,0.285,
1695153368048,0.27,,,
1695153369039,0.0,,,,
1695153369047,,0.26875,0.27,
1695153369048,0.28,,,
1695153370039,0.00125,,,,
1695153370047,,0.26125,0.2825,
1695153370048,0.275,,,
1695153371039,0.0,,,,
1695153371047,,0.265,0.27625,
1695153371048,0.27875,,,
1695153372039,0.0,,,,
1695153372047,,0.265,0.2725,
1695153372048,0.28,,,
1695153373039,0.0,,,,
1695153373047,,0.2675,0.28125,
1695153373048,0.27625,,,
1695153374040,0.0,,,,
1695153374047,,0.26375,0.28625,
1695153374048,0.27125,,,
1695153375039,0.00125,,,,
1695153375047,,0.27125,0.27125,
1695153375048,0.2825,,,
1695153376039,0.0,,,,
1695153376047,,0.2575,0.28375,
1695153376048,0.2775,,,
1695153377040,0.0012487512487512488,,,,
1695153377047,,0.26875,,
1695153377048,0.27,,,
1695153377051,,,0.2863545816733068,
1695153378039,0.0,,,,
1695153378047,,0.265,0.2710843373493976,
1695153378048,0.285,,,
1695153379039,0.0,,,,
1695153379047,,0.27,0.2825,
1695153379048,0.27,,,
1695153380039,0.0,,,,
1695153380047,,0.26375,0.27,
1695153380048,0.28625,,,
1695153381039,0.0,,,,
1695153381047,,0.26875,0.285,
1695153381048,0.27,,,
1695153382039,0.0,,,,
1695153382047,,0.2625,0.28375,
1695153382048,0.28125,,,
1695153383040,0.00125,,,,
1695153383047,,0.27125,0.27,
1695153383048,0.28125,,,
1695153384039,0.0,,,,
1695153384047,,0.26,0.2825,
1695153384048,0.28,,,
1695153385039,0.0,,,,
1695153385047,,0.26875,0.28125,
1695153385048,0.27125,,,
1695153386039,0.0,,,,
1695153386047,,0.265,0.27375,
1695153386048,0.28875,,,
1695153387039,0.0,,,,
1695153387047,,0.26625,0.28125,
1695153387048,0.2775,,,
1695153388039,0.0,,,,
1695153388047,,0.2625,0.28875,
1695153388048,0.2725,,,
1695153389039,0.0,,,,
1695153389047,,0.27,0.26875,
1695153389048,0.28375,,,
1695153390039,0.00125,,,,
1695153390047,,0.265,0.285,
1695153390048,0.2725,,,
1695153391040,0.0,,,,
1695153391047,,0.2675,0.2775,
1695153391048,0.28,,,
1695153392039,0.0,,,,
1695153392047,,0.26875,0.27625,
1695153392048,0.27875,,,
1695153393039,0.0,,,,
1695153393047,,0.2675,0.2825,
1695153393048,0.2775,,,
1695153394039,0.00125,,,,
1695153394047,,0.2625,0.28875,
1695153394048,0.2725,,,
1695153395039,0.00125,,,,
1695153395047,,0.27,0.27125,
1695153395048,0.2825,,,
1695153396039,0.0,,,,
1695153396047,,0.26125,0.2825,
1695153396048,0.275,,,
1695153397039,0.0,,,,
1695153397047,,0.2725,0.2675,
1695153397048,0.28625,,,
1695153398039,0.0,,,,
1695153398047,,0.26125,0.28625,
1695153398048,0.27875,,,
1695153399040,0.0,,,,
1695153399047,,0.2675,0.28125,
1695153399048,0.27875,,,
1695153400039,0.00125,,,,
1695153400047,,0.2675,0.27375,
1695153400048,0.28625,,,
1695153401039,0.0,,,,
1695153401047,,0.27,0.28375,
1695153401048,0.2725,,,
1695153402039,0.0,,,,
1695153402047,,0.25875,0.28125,
1695153402048,0.28,,,
1695153403039,0.0,,,,
1695153403047,,0.27375,0.27375,
1695153403048,0.2775,,,
1695153404039,0.0,,,,
1695153404047,,0.2625,0.2825,
1695153404048,0.28,,,
1695153405039,0.00125,,,,
1695153405047,,0.26875,0.28125,
1695153405048,0.27625,,,
1695153406039,0.0,,,,
1695153406047,,0.26625,0.2675,
1695153406048,0.2875,,,
1695153407039,0.0,,,,
1695153407047,,0.2725,0.28125,
1695153407048,0.2725,,,
1695153408039,0.0,,,,
1695153408047,,0.2625,0.28375,
1695153408048,0.28125,,,
1695153409040,0.00125,,,,
1695153409047,,0.28,0.27,
1695153409048,0.275,,,
1695153410039,0.0,,,,
1695153410047,,0.2625,0.28375,
1695153410048,0.2825,,,
1695153411039,0.0,,,,
1695153411047,,,0.2825,
1695153411048,0.27125,0.270979020979021,,
1695153412039,0.0,,,,
1695153412047,,0.2727727727727728,0.27,
1695153412048,0.285,,,
1695153413040,0.0,,,,
1695153413047,,0.25875,0.28125,
1695153413048,0.28125,,,
1695153414039,0.0,,,,
1695153414047,,0.2725,0.27,
1695153414048,0.28125,,,
1695153415039,0.0,,,,
1695153415047,,0.26125,0.28,
1695153415048,0.28125,,,
1695153416039,0.0,,,,
1695153416047,,,0.29125,
1695153416049,0.26375,,,
1695153416078,,0.28006789524733267,,
1695153417039,0.0,,,,
1695153417047,,0.2592879256965944,0.265,
1695153417048,0.275,,,
1695153418039,0.00125,,,,
1695153418047,,0.26625,0.2825,
1695153418048,0.26875,,,
1695153419039,0.0,,,,
1695153419047,,0.2575,0.27875,
1695153419048,0.2775,,,
1695153420039,0.0,,,,
1695153420047,,0.27,0.26875,
1695153420048,0.2725,,,
1695153421039,0.00125,,,,
1695153421047,,0.25375,0.28,
1695153421048,0.2775,,,
1695153422039,0.0,,,,
1695153422047,,0.2625,0.28125,
1695153422048,0.26625,,,
1695153423039,0.00125,,,,
1695153423047,,0.26125,0.26875,
1695153423048,0.28375,,,
1695153424039,0.0,,,,
1695153424047,,0.265,0.27875,
1695153424048,0.26875,,,
1695153425039,0.0,,,,
1695153425047,,0.2575,0.28,
1695153425048,0.2775,,,
1695153426039,0.0,,,,
1695153426047,,0.27,0.27,
1695153426048,0.27375,,,
1695153427039,0.0,,,,
1695153427047,,0.2525,0.27875,
1695153427048,0.28,,,
1695153428040,0.0,,,,
1695153428047,,0.24875,0.25,
1695153428050,0.30813373253493015,,,
1695153429039,0.0,,,,
1695153429047,,0.2575,0.2825,
1695153429048,0.27054108216432865,,,
1695153430039,0.0,,,,
1695153430047,,0.26375,0.27625,
1695153430048,0.27152152152152154,,,
1695153431040,0.00125,,,,
1695153431047,,0.26375,0.26875,
1695153431048,0.27472527472527475,,,
1695153432039,0.0,,,,
1695153432047,,,0.2725,
1695153432048,0.27402402402402404,0.26223776223776224,,
1695153433039,0.0,,,,
1695153433047,,0.2577577577577578,0.28125,
1695153433048,0.26973026973026976,,,
1695153434039,0.0,,,,
1695153434047,,0.26375,0.26125,
1695153434048,0.28125,,,
1695153435039,0.0,,,,
1695153435047,,0.26,0.28125,
1695153435048,0.27,,,
1695153436039,0.0,,,,
1695153436047,,0.2625,0.27625,
1695153436048,0.275,,,
1695153437039,0.0,,,,
1695153437047,,0.26375,0.27,
1695153437048,0.275,,,
1695153438039,0.00125,,,,
1695153438047,,0.265,0.2775,
1695153438048,0.275,,,
1695153439039,0.0,,,,
1695153439047,,0.26,0.2825,
1695153439048,0.27125,,,
1695153440039,0.0,,,,
1695153440047,,0.27125,0.26625,
1695153440048,0.27875,,,
1695153441039,0.00125,,,,
1695153441047,,0.26,0.28875,
1695153441048,0.27125,,,
1695153442039,0.0,,,,
1695153442047,,0.265,0.275,
1695153442048,0.27625,,,
1695153443039,0.0,,,,
1695153443047,,0.2625,0.2675,
1695153443048,0.2825,,,
1695153444039,0.0,,,,
1695153444047,,0.26625,0.28125,
1695153444048,0.26875,,,
1695153445040,0.02,,,,
1695153445047,,0.2575,0.26375,
1695153445048,0.27875,,,
1695153446040,0.00125,,,,
1695153446047,,0.26875,0.2825,
1695153446048,0.27,,,
1695153447039,0.0,,,,
1695153447047,,0.25875,0.28,
1695153447048,0.27875,,,
1695153448040,0.0,,,,
1695153448047,,0.275,0.27,
1695153448048,0.2727727727727728,,,
1695153449039,0.0,,,,
1695153449047,,0.25875,0.27875,
1695153449048,0.280969030969031,,,
1695153450039,0.0,,,,
1695153450047,,0.27,0.28,
1695153450048,0.27152152152152154,,,
1695153451039,0.0,,,,
1695153451047,,0.2625,0.2675,
1695153451048,0.2872127872127872,,,
1695153452039,0.00125,,,,
1695153452047,,0.26875,0.28375,
1695153452048,0.27375,,,
1695153453039,0.0,,,,
1695153453047,,0.26,0.285,
1695153453048,0.27875,,,
1695153454039,0.0,,,,
1695153454047,,0.27375,0.27125,
1695153454048,0.27375,,,
1695153455039,0.0,,,,
1695153455047,,0.25625,0.28,
1695153455048,0.28,,,
1695153456039,0.0,,,,
1695153456047,,0.27,0.27625,
1695153456048,0.27375,,,
1695153457039,0.0,,,,
1695153457047,,0.265,0.275,
1695153457048,0.27375,,,
1695153458039,0.0,,,,
1695153458047,,0.265,0.27625,
1695153458048,0.28,,,
1695153459039,0.0,,,,
1695153459047,,0.26125,0.2825,
1695153459048,0.27125,,,
1695153460040,0.0,,,,
1695153460047,,0.27,0.26875,
1695153460048,0.27875,,,
1695153461039,0.00125,,,,
1695153461047,,0.2625,0.28375,
1695153461048,0.27152152152152154,,,
1695153462039,0.0,,,,
1695153462047,,0.265,0.26625,
1695153462048,0.280969030969031,,,
1695153463039,0.0,,,,
1695153463047,,0.265,0.28,
1695153463048,0.27375,,,
1695153464039,0.0,,,,
1695153464047,,0.265,0.27875,
1695153464048,0.2725,,,
1695153465040,0.0,,,,
1695153465047,,0.26875,0.27375,
1695153465048,0.275,,,
1695153466039,0.0,,,,
1695153466047,,0.2625,0.27875,
1695153466048,0.27375,,,
1695153467039,0.0,,,,
1695153467047,,0.26625,0.28,
1695153467048,0.2725,,,
1695153468039,0.0,,,,
1695153468047,,0.265,0.265,
1695153468052,0.2804087736789631,,,
1695153469039,0.00375,,,,
1695153469047,,0.2625,0.28,
1695153469048,0.2708124373119358,,,
1695153470039,0.0,,,,
1695153470047,,0.26125,0.27625,
1695153470048,0.27625,,,
1695153471039,0.0,,,,
1695153471047,,0.26625,0.2675,
1695153471048,0.28125,,,
1695153472039,0.0,,,,
1695153472047,,0.26625,0.28375,
1695153472048,0.26875,,,
1695153473039,0.00125,,,,
1695153473047,,0.25625,0.2825,
1695153473048,0.275,,,
1695153474039,0.0,,,,
1695153474047,,0.26875,0.2725,
1695153474048,0.27375,,,
1695153475039,0.0,,,,
1695153475047,,0.25875,0.28125,
1695153475048,0.275,,,
1695153476039,0.0,,,,
1695153476047,,0.2675,0.28125,
1695153476048,0.2675,,,
1695153477039,0.0,,,,
1695153477047,,,0.27625,
1695153477048,0.28125,0.2597402597402597,,
1695153478039,0.0,,,,
1695153478047,,0.2677677677677678,0.2825,
1695153478048,0.27,,,
1695153479046,0.0,,,,
1695153479047,,0.26,,
1695153479050,0.280969030969031,,,
1695153479056,,,0.27874132804757185,
1695153480039,0.0012588116817724068,,,,
1695153480047,,0.27,0.26866801210898084,
1695153480048,0.27402402402402404,,,
1695153481039,0.0,,,,
1695153481047,,0.25625,0.28,
1695153481048,0.2825,,,
1695153482039,0.0,,,,
1695153482047,,0.27125,0.27125,
1695153482048,0.27625,,,
1695153483039,0.0,,,,
1695153483047,,0.26,0.27875,
1695153483048,0.2825,,,
1695153484039,0.0,,,,
1695153484047,,0.265,0.27625,
1695153484048,0.275,,,
1695153485039,0.0,,,,
1695153485047,,0.2725,0.27,
1695153485048,0.275,,,
1695153486039,0.0,,,,
1695153486047,,0.26875,0.275,
1695153486048,0.27625,,,
1695153487039,0.00125,,,,
1695153487047,,,0.28375,
1695153487048,0.2727727727727728,0.26223776223776224,,
1695153488039,0.0,,,,
1695153488047,,0.2702702702702703,0.26625,
1695153488048,0.2822177822177822,,,
1695153489040,0.0,,,,
1695153489047,,0.27,0.28125,
1695153489048,0.27,,,
1695153490039,0.0,,,,
1695153490047,,0.26,0.28,
1695153490048,0.2825,,,
1695153491039,0.00125,,,,
1695153491047,,0.2725,0.27125,
1695153491048,0.2752752752752753,,,
1695153492039,0.00125,,,,
1695153492047,,0.25875,0.28375,
1695153492048,0.27972027972027974,,,
1695153493040,0.0,,,,
1695153493047,,0.27125,0.285,
1695153493048,0.2725,,,
1695153494039,0.0,,,,
1695153494047,,0.265,0.27,
1695153494048,0.28375,,,
1695153495039,0.0,,,,
1695153495047,,0.27375,0.28,
1695153495049,0.27,,,
1695153496039,0.0,,,,
1695153496047,,0.26875,0.27125,
1695153496048,0.28375,,,
1695153497040,0.0,,,,
1695153497047,,0.27125,0.28,
1695153497048,0.275,,,
1695153498039,0.0012512512512512512,,,,
1695153498047,,0.26375,0.28375,
1695153498048,0.27375,,,
1695153499039,0.0,,,,
1695153499047,,0.27,0.26625,
1695153499048,0.28,,,
1695153500039,0.0,,,,
1695153500047,,0.26125,0.285,
1695153500048,0.2725,,,
1695153501039,0.0,,,,
1695153501047,,0.26625,0.28,
1695153501048,0.27375,,,
1695153502039,0.0,,,,
1695153502047,,0.27,0.27125,
1695153502048,0.27625,,,
1695153503039,0.0,,,,
1695153503047,,0.26875,0.2775,
1695153503048,0.2775,,,
1695153504039,0.0,,,,
1695153504047,,0.26125,0.28375,
1695153504048,0.2775,,,
1695153505039,0.0,,,,
1695153505047,,0.2725,0.26625,
1695153505048,0.28375,,,
1695153506039,0.00125,,,,
1695153506047,,,0.285,
1695153506048,0.27375,0.2634865134865135,,
1695153507039,0.0,,,,
1695153507047,,0.2702702702702703,0.27,
1695153507049,0.28375,,,
1695153508039,0.0,,,,
1695153508047,,0.2625,0.285,
1695153508048,0.275,,,
1695153509039,0.0,,,,
1695153509047,,0.26375,0.2775,
1695153509048,0.27625,,,
1695153510039,0.0,,,,
1695153510047,,0.26625,0.26875,
1695153510048,0.28375,,,
1695153511039,0.0,,,,
1695153511047,,0.2675,0.2825,
1695153511048,0.26875,,,
1695153512039,0.0,,,,
1695153512047,,0.24125,0.265,
1695153512048,0.305,,,
1695153513039,0.00125,,,,
1695153513047,,0.27125,0.27,
1695153513048,0.27875,,,
1695153514039,0.0,,,,
1695153514047,,0.26125,0.28,
1695153514048,0.28125,,,
1695153515039,0.0,,,,
1695153515047,,0.2725,0.27125,
1695153515048,0.27652652652652654,,,
1695153516039,0.0,,,,
1695153516047,,0.26125,0.28,
1695153516048,0.27847152847152845,,,
1695153517039,0.0,,,,
1695153517047,,0.2675,0.28,
1695153517048,0.27,,,
1695153518039,0.0,,,,
1695153518047,,0.26375,0.2675,
1695153518048,0.28375,,,
1695153519039,0.0,,,,
1695153519047,,,0.2825,
1695153519048,0.26875,0.26723276723276723,,
1695153520039,0.00125,,,,
1695153520047,,0.2565065065065065,0.285,
1695153520048,0.2775,,,
1695153521039,0.0,,,,
1695153521047,,0.27375,0.27125,
1695153521048,0.27402402402402404,,,
1695153522039,0.00125,,,,
1695153522047,,0.25875,0.2825,
1695153522048,0.2822177822177822,,,
1695153523039,0.0,,,,
1695153523047,,0.29125,0.26625,
1695153523048,0.2552552552552553,,,
1695153524039,0.0,,,,
1695153524047,,0.2625,0.275,
1695153524048,0.28346653346653344,,,
1695153525039,0.0,,,,
1695153525047,,0.26625,0.27875,
1695153525048,0.28,,,
1695153526039,0.0,,,,
1695153526047,,0.2675,0.27375,
1695153526048,0.2775,,,
1695153527039,0.0,,,,
1695153527047,,0.265,0.2825,
1695153527048,0.2775,,,
1695153528047,,0.2625,0.28625,
1695153528048,0.27375,,,
1695153528058,0.0036800785083415115,,,,
1695153529039,0.010193679918450561,,,,
1695153529047,,0.27125,0.26375,
1695153529048,0.28,,,
1695153530039,0.0,,,,
1695153530047,,0.2475,0.31,
1695153530048,0.2602602602602603,,,
1695153531039,0.0,,,,
1695153531047,,0.27125,0.27375,
1695153531048,0.2822177822177822,,,
1695153532039,0.0,,,,
1695153532047,,0.27,0.27375,
1695153532048,0.27875,,,
1695153533039,0.00125,,,,
1695153533047,,0.26875,0.275,
1695153533048,0.28125,,,
1695153534039,0.0,,,,
1695153534047,,0.26375,0.28,
1695153534048,0.27625,,,
1695153535040,0.0,,,,
1695153535047,,0.27125,0.27,
1695153535048,0.28375,,,
1695153536039,0.00125,,,,
1695153536047,,0.265,0.28375,
1695153536048,0.27375,,,
1695153537039,0.0,,,,
1695153537047,,0.27,0.2775,
1695153537048,0.2775,,,
1695153538039,0.0,,,,
1695153538047,,0.26375,0.2725,
1695153538048,0.2825,,,
1695153539039,0.0,,,,
1695153539047,,0.27,0.27625,
1695153539048,0.27375,,,
1695153540039,0.0,,,,
1695153540047,,0.26125,0.27375,
1695153540048,0.28,,,
1695153541039,0.0,,,,
1695153541047,,0.27375,0.2725,
1695153541048,0.27625,,,
1695153542039,0.00125,,,,
1695153542047,,0.26125,0.275,
1695153542048,0.28375,,,
1695153543039,0.0,,,,
1695153543047,,0.2725,0.2775,
1695153543048,0.27375,,,
1695153544039,0.0,,,,
1695153544047,,0.26875,0.27125,
1695153544048,0.28125,,,
1695153545039,0.0,,,,
1695153545047,,0.26875,0.27125,
1695153545048,0.2775,,,
1695153546039,0.0,,,,
1695153546047,,0.2725,0.27125,
1695153546048,0.2775,,,
1695153547039,0.0,,,,
1695153547047,,0.265,0.2825,
1695153547048,0.27375,,,
1695153548039,0.0,,,,
1695153548047,,0.27,0.26625,
1695153548049,0.2825,,,
1695153549039,0.0025,,,,
1695153549047,,0.26375,,
1695153549055,,,0.2777777777777778,
1695153549058,0.2849355797819623,,,
1695153550039,0.0,,,,
1695153550047,,0.2675,0.27595766129032256,
1695153550048,0.27146464646464646,,,
1695153551039,0.0,,,,
1695153551047,,0.26625,0.27125,
1695153551048,0.28471528471528473,,,
1695153552039,0.0,,,,
1695153552047,,0.27125,0.27875,
1695153552048,0.27,,,
1695153553039,0.0,,,,
1695153553047,,0.2625,0.2775,
1695153553048,0.28,,,
1695153554039,0.0,,,,
1695153554047,,0.275,0.27,
1695153554048,0.27625,,,
1695153555039,0.0,,,,
1695153555047,,0.26125,0.275,
1695153555048,0.28125,,,
1695153556039,0.0,,,,
1695153556047,,0.27125,0.27625,
1695153556048,0.2725,,,
1695153557039,0.00125,,,,
1695153557047,,0.265,0.2675,
1695153557048,0.2825,,,
1695153558039,0.0,,,,
1695153558047,,0.27,0.275,
1695153558048,0.27152152152152154,,,
1695153559039,0.00125,,,,
1695153559047,,0.26,0.275,
1695153559048,0.2822177822177822,,,
1695153560039,0.0,,,,
1695153560056,,0.2700693756194252,0.2651139742319128,
1695153560058,0.28465346534653463,,,
1695153561039,0.0,,,,
1695153561047,,0.2636226034308779,0.2762361251261352,
1695153561048,0.2727272727272727,,,
1695153562039,0.0,,,,
1695153562047,,0.27,0.27,
1695153562048,0.27625,,,
1695153563039,0.0,,,,
1695153563047,,0.27,0.27125,
1695153563048,0.2752752752752753,,,
1695153564039,0.0,,,,
1695153564047,,0.2675,0.27125,
1695153564048,0.27847152847152845,,,
1695153565039,0.0,,,,
1695153565047,,0.265,0.27,
1695153565048,0.28,,,
1695153566039,0.0,,,,
1695153566047,,0.265,0.27125,
1695153566048,0.2775,,,
1695153567039,0.00125,,,,
1695153567047,,0.26375,0.2775,
1695153567048,0.27375,,,
1695153568039,0.0,,,,
1695153568047,,0.26875,0.26375,
1695153568048,0.28125,,,
1695153569039,0.0,,,,
1695153569047,,0.26125,0.28,
1695153569048,0.27625,,,
1695153570039,0.0,,,,
1695153570047,,0.27125,0.265,
1695153570048,0.28125,,,
1695153571039,0.0,,,,
1695153571047,,0.265,0.28,
1695153571048,0.27402402402402404,,,
1695153572039,0.0,,,,
1695153572047,,0.2675,0.27125,
1695153572048,0.280969030969031,,,
1695153573039,0.0,,,,
1695153573047,,0.2625,0.2675,
1695153573048,0.285,,,
1695153574039,0.0,,,,
1695153574047,,0.26875,0.2775,
1695153574048,0.27125,,,
1695153575039,0.0,,,,
1695153575047,,0.26125,0.27125,
1695153575048,0.2825,,,
1695153576039,0.0,,,,
1695153576047,,0.26875,0.28,
1695153576048,0.27125,,,
1695153577039,0.0025,,,,
1695153577047,,0.26125,0.27125,
1695153577048,0.28375,,,
1695153578039,0.0,,,,
1695153578047,,0.2675,0.27875,
1695153578048,0.2727727727727728,,,
1695153579039,0.0,,,,
1695153579047,,,0.27625,
1695153579048,0.2822177822177822,,,
1695153579053,,0.2584493041749503,,
1695153580039,0.0,,,,
1695153580047,,0.27540241448692154,0.26875,
1695153580048,0.27402402402402404,,,
1695153581040,0.0,,,,
1695153581047,,0.26375,0.2725,
1695153581048,0.2825,,,
1695153582039,0.0,,,,
1695153582047,,0.2725,0.26875,
1695153582048,0.27375,,,
1695153583039,0.0,,,,
1695153583047,,0.26,0.275,
1695153583048,0.2822177822177822,,,
1695153584039,0.0,,,,
1695153584047,,0.27125,0.27625,
1695153584048,0.275,,,
1695153585039,0.0,,,,
1695153585047,,0.26,0.27875,
1695153585048,0.28,,,
1695153586039,0.00125,,,,
1695153586047,,0.27125,0.26625,
1695153586048,0.2825,,,
1695153587039,0.0,,,,
1695153587047,,0.26375,0.28,
1695153587048,0.27625,,,
1695153588039,0.0,,,,
1695153588047,,0.27125,0.26625,
1695153588048,0.2825,,,
1695153589039,0.0,,,,
1695153589047,,0.27,0.27875,
1695153589048,0.2725,,,
1695153590039,0.0,,,,
1695153590047,,0.26,0.27625,
1695153590048,0.28375,,,
1695153591039,0.0,,,,
1695153591047,,0.275,0.2675,
1695153591048,0.27402402402402404,,,
1695153592039,0.0,,,,
1695153592047,,0.26375,0.275,
1695153592048,0.2822177822177822,,,
1695153593039,0.0,,,,
1695153593047,,0.27625,0.2675,
1695153593048,0.27902902902902904,,,
1695153594040,0.0,,,,
1695153594047,,0.2625,0.27625,
1695153594048,0.28471528471528473,,,
1695153595039,0.00125,,,,
1695153595047,,0.2775,0.26625,
1695153595048,0.27875,,,
1695153596039,0.0,,,,
1695153596047,,0.24875,0.26,
1695153596048,0.3075,,,
1695153597039,0.0,,,,
1695153597047,,0.27375,0.27,
1695153597048,0.27875,,,
1695153598039,0.0,,,,
1695153598047,,0.26375,0.28125,
1695153598048,0.28,,,
1695153599039,0.0,,,,
1695153599047,,0.27125,0.2675,
1695153599048,0.2825,,,
1695153600039,0.0,,,,
1695153600047,,0.265,0.28125,
1695153600048,0.27625,,,
1695153601039,0.0,,,,
1695153601047,,0.2725,0.2675,
1695153601048,0.28,,,
1695153602039,0.00125,,,,
1695153602047,,0.2575,0.27125,
1695153602048,0.2675,,,
1695153603040,0.0,,,,
1695153603047,,0.27375,0.27125,
1695153603048,0.28,,,
1695153604039,0.0,,,,
1695153604047,,0.27125,0.27125,
1695153604048,0.28125,,,
1695153605039,0.0,,,,
1695153605047,,0.27125,0.275,
1695153605048,0.2825,,,
1695153606039,0.0,,,,
1695153606047,,0.27125,0.2725,
1695153606048,0.2802802802802803,,,
1695153607039,0.0,,,,
1695153607047,,0.2675,0.275,
1695153607048,0.27972027972027974,,,
1695153608039,0.0,,,,
1695153608047,,0.26875,0.275,
1695153608048,0.27902902902902904,,,
1695153609039,0.00125,,,,
1695153609047,,0.27,0.275,
1695153609048,0.2822177822177822,,,
1695153610039,0.0,,,,
1695153610047,,0.26625,0.27625,
1695153610048,0.2775,,,
1695153611039,0.0,,,,
1695153611047,,0.26875,0.275,
1695153611048,0.27375,,,
1695153612039,0.0,,,,
1695153612047,,0.265,0.27125,
1695153612048,0.2875,,,
1695153613039,0.0,,,,
1695153613047,,,0.3,
1695153613048,0.26151151151151153,0.255994005994006,,
1695153614039,0.0,,,,
1695153614047,,0.26401401401401403,0.26875,
1695153614048,0.28846153846153844,,,
1695153615039,0.00125,,,,
1695153615047,,0.27,0.27375,
1695153615048,0.2775,,,
1695153616039,0.0,,,,
1695153616047,,0.26125,0.27,
1695153616048,0.2875,,,
1695153617039,0.0,,,,
1695153617047,,0.27,0.2825,
1695153617048,0.27375,,,
1695153618039,0.0,,,,
1695153618047,,0.2675,0.27125,
1695153618051,0.2844311377245509,,,
1695153619039,0.00125,,,,
1695153619047,,0.27125,0.27875,
1695153619048,0.2717935871743487,,,
1695153620039,0.0,,,,
1695153620047,,,0.2775,
1695153620048,,0.260989010989011,,
1695153620052,0.28414755732801594,,,
1695153621039,0.0,,,,
1695153621047,,0.27902902902902904,0.27,
1695153621048,0.2745737211634905,,,
1695153622039,0.0,,,,
1695153622047,,0.26375,0.275,
1695153622048,0.28403403403403404,,,
1695153623039,0.00125,,,,
1695153623047,,0.27375,0.2725,
1695153623048,0.275974025974026,,,
1695153624039,0.0,,,,
1695153624047,,0.26125,0.27875,
1695153624048,0.2825,,,
1695153625039,0.0,,,,
1695153625047,,0.27125,0.26875,
1695153625048,0.2825,,,
1695153626039,0.0,,,,
1695153626047,,0.26375,0.2775,
1695153626048,0.28,,,
1695153627039,0.0,,,,
1695153627047,,0.2675,0.26625,
1695153627048,0.28403403403403404,,,
1695153628039,0.0,,,,
1695153628047,,0.265,0.2775,
1695153628048,0.27875,,,
1695153629039,0.0,,,,
1695153629047,,0.2925,0.25375,
1695153629048,0.26723276723276723,,,
1695153630039,0.00125,,,,
1695153630047,,0.2675,0.28,
1695153630048,0.2727727727727728,,,
1695153631039,0.0,,,,
1695153631047,,0.2725,0.265,
1695153631048,0.2822177822177822,,,
1695153632039,0.0,,,,
1695153632047,,0.26125,0.27625,
1695153632048,0.27875,,,
1695153633045,0.0,,,,
1695153633047,,0.26875,0.27375,
1695153633048,0.27875,,,
1695153634039,0.0,,,,
1695153634047,,0.265,0.2725,
1695153634048,0.2802802802802803,,,
1695153635039,0.0,,,,
1695153635047,,0.2675,0.275,
1695153635048,0.27972027972027974,,,
1695153636039,0.0,,,,
1695153636047,,0.26875,0.2725,
1695153636048,0.27875,,,
1695153637039,0.0,,,,
1695153637047,,0.26875,0.275,
1695153637048,0.28,,,
1695153638039,0.0,,,,
1695153638047,,0.26125,0.2675,
1695153638048,0.2875,,,
1695153639039,0.00125,,,,
1695153639047,,0.27,0.2775,
1695153639048,0.27625,,,
1695153640039,0.0,,,,
1695153640047,,0.2625,0.2675,
1695153640048,0.29,,,
1695153641039,0.0,,,,
1695153641047,,0.26875,0.27625,
1695153641048,0.27652652652652654,,,
1695153642039,0.0,,,,
1695153642047,,0.26125,0.27125,
1695153642048,0.2872127872127872,,,
1695153643039,0.0,,,,
1695153643047,,0.2675,0.28125,
1695153643048,0.2752752752752753,,,
1695153644039,0.0,,,,
1695153644047,,0.27125,0.265,
1695153644048,0.28596403596403597,,,
1695153645039,0.0,,,,
1695153645047,,0.2625,0.27875,
1695153645048,0.2825,,,
1695153646039,0.0,,,,
1695153646047,,0.27125,0.26625,
1695153646048,0.28375,,,
1695153647039,0.00125,,,,
1695153647047,,0.265,0.28125,
1695153647048,0.275,,,
1695153648039,0.0,,,,
1695153648047,,0.27125,0.26875,
1695153648048,0.285,,,
1695153649039,0.0,,,,
1695153649047,,0.26375,0.28,
1695153649068,0.28581943081452404,,,
1695153650039,0.0,,,,
1695153650047,,0.27,0.2775,
1695153650048,0.2714067278287462,,,
1695153651039,0.0,,,,
1695153651047,,0.2675,0.27,
1695153651048,0.2852852852852853,,,
1695153652039,0.0,,,,
1695153652047,,0.27125,0.2775,
1695153652048,0.270979020979021,,,
1695153653039,0.00125,,,,
1695153653047,,0.2625,0.26875,
1695153653048,0.29,,,
1695153654039,0.0,,,,
1695153654047,,0.27125,0.2775,
1695153654048,0.2752752752752753,,,
1695153655039,0.0,,,,
1695153655047,,0.26375,0.27,
1695153655048,0.2872127872127872,,,
1695153656039,0.0,,,,
1695153656047,,0.27,0.2775,
1695153656048,0.27125,,,
1695153657039,0.0,,,,
1695153657047,,0.26375,0.27125,
1695153657048,0.285,,,
1695153658039,0.00125,,,,
1695153658047,,0.27125,0.2775,
1695153658048,0.27625,,,
1695153659039,0.00125,,,,
1695153659047,,0.2625,0.27375,
1695153659048,0.28625,,,
1695153660039,0.0,,,,
1695153660047,,0.275,0.27625,
1695153660048,0.27125,,,
1695153661039,0.00125,,,,
1695153661047,,0.26875,0.26875,
1695153661048,0.28625,,,
1695153662039,0.0,,,,
1695153662047,,0.27125,0.2725,
1695153662048,0.2775,,,
1695153663039,0.0,,,,
1695153663047,,0.27,0.2725,
1695153663048,0.27625,,,
1695153664039,0.0,,,,
1695153664047,,0.26875,0.2725,
1695153664048,0.2775,,,
1695153665039,0.00125,,,,
1695153665047,,0.2675,0.28,
1695153665048,0.275,,,
1695153666039,0.01125,,,,
1695153666047,,0.27,0.26125,
1695153666048,0.27625,,,
1695153667039,0.0,,,,
1695153667047,,0.265,0.27875,
1695153667048,0.27402402402402404,,,
1695153668039,0.0,,,,
1695153668047,,0.26625,0.265,
1695153668048,0.28596403596403597,,,
1695153669039,0.0,,,,
1695153669047,,0.26125,0.2825,
1695153669048,0.27375,,,
1695153670039,0.0,,,,
1695153670047,,0.27,0.26625,
1695153670048,0.2827827827827828,,,
1695153671039,0.0,,,,
1695153671047,,0.2625,0.27875,
1695153671048,0.27472527472527475,,,
1695153672039,0.00125,,,,
1695153672047,,0.26875,0.26625,
1695153672048,0.2827827827827828,,,
1695153673039,0.0,,,,
1695153673047,,0.26125,0.2775,
1695153673048,0.27972027972027974,,,
1695153674039,0.0,,,,
1695153674047,,0.2725,0.2725,
1695153674048,0.275,,,
1695153675039,0.0,,,,
1695153675047,,0.26,0.27625,
1695153675048,0.2825,,,
1695153676047,,0.2675,,
1695153676048,0.0,0.2725,,,
1695153676049,,,0.2781936127744511,
1695153677039,0.0,,,,
1695153677047,,0.26375,0.26678356713426854,
1695153677048,0.285,,,
1695153678039,0.0,,,,
1695153678047,,0.27125,0.275,
1695153678048,0.27125,,,
1695153679039,0.0,,,,
1695153679047,,0.24875,0.255,
1695153679048,0.31,,,
1695153680039,0.0,,,,
1695153680047,,0.27125,0.27625,
1695153680048,0.2752752752752753,,,
1695153681039,0.0,,,,
1695153681047,,0.26375,0.2675,
1695153681048,0.28596403596403597,,,
1695153682039,0.0,,,,
1695153682047,,0.27,0.275,
1695153682048,0.27125,,,
1695153683039,0.00125,,,,
1695153683047,,0.26125,0.27375,
1695153683048,0.2825,,,
1695153684039,0.0,,,,
1695153684047,,0.26875,0.28,
1695153684048,0.2702702702702703,,,
1695153685039,0.0,,,,
1695153685047,,0.2625,0.2725,
1695153685048,0.28471528471528473,,,
1695153686039,0.0,,,,
1695153686047,,0.26625,0.2725,
1695153686048,0.27902902902902904,,,
1695153687039,0.0,,,,
1695153687047,,0.26375,0.27625,
1695153687048,0.280969030969031,,,
1695153688039,0.0,,,,
1695153688047,,0.26375,0.2725,
1695153688048,0.28153153153153154,,,
1695153689040,0.0,,,,
1695153689047,,0.26125,0.27875,
1695153689048,0.27375,,,
1695153689443,,0,,
1695153689444,0,,0,
1695153689446,0,