Timestamp,Slave 0,
1696842334675,0,,
1696842334684,0.0,,
1696842334687,0,
1696842334698,0.0039927872230808865,
1696842335676,0.0,,
1696842335688,0.0,
1696842336676,0.0,,
1696842336688,0.010666666,
1696842337676,0.0,,
1696842337716,0.014267184824902723,
1696842338676,0.0,,
1696842338688,0.009602194444444444,
1696842339676,0.0,,
1696842339688,0.008166666,
1696842340676,0.0,,
1696842340688,0.008833333,
1696842341677,0.0,,
1696842341689,0.007992007992007992,
1696842342676,0.0,,
1696842342687,0.007841174174174174,
1696842343676,0.0,,
1696842343688,0.008166666,
1696842344676,0.0,,
1696842344688,0.007833333,
1696842345676,0.0,,
1696842345688,0.007666666,
1696842346676,0.0,,
1696842346688,0.008166666,
1696842347676,0.0,,
1696842347687,0.01,
1696842348676,0.0,,
1696842348688,0.004166666,
1696842349677,0.0,,
1696842349689,0.008491508491508492,
1696842350676,0.0,,
1696842350687,0.00850850850850851,
1696842351676,0.0,,
1696842351687,0.0085,
1696842352676,0.0,,
1696842352688,0.0085,
1696842353676,0.0,,
1696842353688,0.008333333,
1696842354676,0.0,,
1696842354688,0.007833333,
1696842355676,0.0,,
1696842355688,0.008333333,
1696842356676,0.0,,
1696842356688,0.007833333,
1696842357676,0.0,,
1696842357688,0.008166666,
1696842358676,0.0,,
1696842358687,0.008666666,
1696842359676,0.0,,
1696842359687,0.008008008008008008,
1696842360676,0.0,,
1696842360687,0.0085,
1696842361676,0.0,,
1696842361687,0.008166666,
1696842362680,0.0,,
1696842362713,0.007797270955165692,
1696842363676,0.0,,
1696842363687,0.0042778911704312115,
1696842364676,0.0,,
1696842364687,0.008833333,
1696842365676,0.0,,
1696842365687,0.008666666,
1696842366676,0.0,,
1696842366687,0.008,
1696842367676,0.0,,
1696842367687,0.008158507492507492,
1696842368676,0.0,,
1696842368687,0.00817484084084084,
1696842369676,0.0,,
1696842369688,0.008325007992007992,
1696842370676,0.0,,
1696842370689,0.007825507492507492,
1696842371676,0.0,,
1696842371688,0.00817484084084084,
1696842372676,0.0,,
1696842372687,0.00817484084084084,
1696842373676,0.0,,
1696842373688,0.008491508491508492,
1696842374676,0.0,,
1696842374688,0.004666666,
1696842375676,0.0,,
1696842375688,0.008166666,
1696842376676,0.0,,
1696842376688,0.0085,
1696842377676,0.0,,
1696842377688,0.008,
1696842378676,0.0,,
1696842378689,0.007992007992007992,
1696842379676,0.0,,
1696842379688,0.009342675675675675,
1696842380676,0.0,,
1696842380688,0.008166666,
1696842381681,0.0,,
1696842381688,0.007833333,
1696842382675,0.0,,
1696842382688,0.008166666,
1696842383676,0.0,,
1696842383687,0.00850850850850851,
1696842384676,0.0,,
1696842384688,0.009157508491508492,
1696842385676,0.0,,
1696842385687,0.008675341341341342,
1696842386677,0.0,,
1696842386690,0.00830840777666999,
1696842387676,0.0,,
1696842387688,0.004676018036072144,
1696842388676,0.0,,
1696842388688,0.009166666,
1696842389676,0.0,,
1696842389688,0.008333333,
1696842390676,0.0,,
1696842390688,0.008,
1696842391676,0.0,,
1696842391688,0.008333333,
1696842392676,0.0,,
1696842392687,0.007833333,
1696842393676,0.0,,
1696842393687,0.008,
1696842394676,0.0,,
1696842394688,0.008166666,
1696842395677,0.0021645014985014984,,
1696842395688,0.020333333,
1696842396676,0.0,,
1696842396688,0.005333333,
1696842397675,0.0,,
1696842397688,0.009166666,
1696842398676,0.0,,
1696842398688,0.004,
1696842399676,0.0,,
1696842399688,0.008333333,
1696842400676,0.0,,
1696842400687,0.008675341341341342,
1696842401676,0.0,,
1696842401688,0.008824508491508492,
1696842402676,0.0,,
1696842402688,0.009333333,
1696842403676,0.0,,
1696842403688,0.008333333,
1696842404676,0.0,,
1696842404687,0.0045,
1696842405676,0.0,,
1696842405688,0.0085,
1696842406676,0.0,,
1696842406687,0.009833333,
1696842407676,0.0,,
1696842407687,0.010333333,
1696842408676,0.0,,
1696842408687,0.009009009009009009,
1696842409676,0.0,,
1696842409687,0.004166666,
1696842410676,0.0,,
1696842410687,0.008833333,
1696842411676,0.0,,
1696842411688,0.01048951048951049,
1696842412676,0.0,,
1696842412687,0.008666666,
1696842413676,0.0,,
1696842413687,0.008842175175175175,
1696842414676,0.0,,
1696842414688,0.004162503496503497,
1696842415675,0.0,,
1696842415687,0.0085,
1696842416675,0.0,,
1696842416694,0.008614976143141153,
1696842417682,0.0,,
1696842417688,0.008215961770623743,
1696842418675,0.0,,
1696842418688,0.008833333,
1696842419677,0.0,,
1696842419694,0.008614976143141153,
1696842420676,0.0,,
1696842420688,0.004191816901408451,
1696842421676,0.0,,
1696842421688,0.009333333,
1696842422676,0.0,,
1696842422688,0.009333333,
1696842423676,0.0,,
1696842423688,0.0085,
1696842424676,0.0,,
1696842424687,0.0085,
1696842425675,0.0,,
1696842425687,0.004170836836836837,
1696842426675,0.0,,
1696842426687,0.0085,
1696842427675,0.0,,
1696842427687,0.0085,
1696842428676,0.0,,
1696842428688,0.008824508491508492,
1696842429676,0.0,,
1696842429688,0.009166666,
1696842430676,0.0,,
1696842430687,0.005338671671671672,
1696842431676,0.0,,
1696842431688,0.008491508491508492,
1696842432676,0.0,,
1696842432688,0.009166666,
1696842433676,0.0,,
1696842433690,0.008982035928143712,
1696842434676,0.0,,
1696842434687,0.008525576730190571,
1696842435676,0.0,,
1696842435687,0.009333333,
1696842436675,0.0,,
1696842436687,0.0045,
1696842437676,0.0,,
1696842437687,0.0085,
1696842438675,0.0,,
1696842438687,0.009333333,
1696842439675,0.0,,
1696842439687,0.009,
1696842440676,0.0,,
1696842440687,0.0085,
1696842441676,0.0,,
1696842441688,0.008824508491508492,
1696842442675,0.0,,
1696842442688,0.0045,
1696842443675,0.0,,
1696842443689,0.008491508491508492,
1696842444676,0.0,,
1696842444688,0.00850850850850851,
1696842445675,0.0,,
1696842445687,0.009166666,
1696842446676,0.0,,
1696842446687,0.008842175175175175,
1696842447676,0.0,,
1696842447689,0.004324683632734531,
1696842448676,0.0,,
1696842448687,0.008684034068136273,
1696842449676,0.0,,
1696842449687,0.009157508491508492,
1696842450676,0.0,,
1696842450688,0.0095,
1696842451675,0.0,,
1696842451687,0.008666666,
1696842452676,0.0,,
1696842452687,0.008675341341341342,
1696842453676,0.0,,
1696842453687,0.004828504495504496,
1696842454676,0.0,,
1696842454687,0.008333333,
1696842455676,0.0,,
1696842455688,0.009333333,
1696842456675,0.0,,
1696842456687,0.008666666,
1696842457676,0.0,,
1696842457688,0.009666666,
1696842458676,0.0,,
1696842458696,0.008763227182539683,
1696842459676,0.0,,
1696842459688,0.004368279233870968,
1696842460676,0.0,,
1696842460687,0.009333333,
1696842461675,0.0,,
1696842461688,0.0095,
1696842462675,0.0,,
1696842462687,0.009843176176176176,
1696842463675,0.0,,
1696842463687,0.009333333,
1696842464676,0.0,,
1696842464708,0.008651648383937316,
1696842465676,0.0,,
1696842465687,0.004256042900919305,
1696842466676,0.0,,
1696842466687,0.008824508491508492,
1696842467679,0.0,,
1696842467687,0.010666666,
1696842468676,0.0,,
1696842468687,0.010666666,
1696842469676,0.0,,
1696842469687,0.0095,
1696842470676,0.0,,
1696842470687,0.005,
1696842471676,0.0,,
1696842471687,0.009676342342342343,
1696842472676,0.0,,
1696842472687,0.008666666,
1696842473676,0.0,,
1696842473687,0.009333333,
1696842474676,0.0,,
1696842474688,0.00999000999000999,
1696842475675,0.0,,
1696842475687,0.00950950950950951,
1696842476675,0.0,,
1696842476687,0.004995004995004995,
1696842477675,0.0,,
1696842477687,0.0095,
1696842478675,0.0,,
1696842478688,0.008666666,
1696842479675,0.0,,
1696842479688,0.009333333,
1696842480675,0.0,,
1696842480688,0.009333333,
1696842481676,0.0,,
1696842481687,0.008666666,
1696842482676,0.0,,
1696842482687,0.0045045045045045045,
1696842483676,0.0,,
1696842483687,0.008666666,
1696842484676,0.0,,
1696842484687,0.009,
1696842485675,0.0,,
1696842485688,0.00949050949050949,
1696842486676,0.0,,
1696842486695,0.008771929493545183,
1696842487676,0.0,,
1696842487687,0.004867404833836858,
1696842488675,0.0,,
1696842488688,0.010666666,
1696842489675,0.0,,
1696842489687,0.00850850850850851,
1696842490675,0.0,,
1696842490687,0.009166666,
1696842491676,0.0,,
1696842491687,0.0095,
1696842492675,0.0,,
1696842492687,0.004333333,
1696842493676,0.0,,
1696842493687,0.011666666,
1696842494676,0.0,,
1696842494687,0.009333333,
1696842495676,0.0,,
1696842495687,0.009,
1696842496676,0.0,,
1696842496692,0.009121060696517413,
1696842497676,0.0,,
1696842497687,0.004690116582914573,
1696842498676,0.0,,
1696842498687,0.01,
1696842499676,0.0,,
1696842499687,0.009333333,
1696842500675,0.0,,
1696842500687,0.0105,
1696842501676,0.0,,
1696842501687,0.005166666,
1696842502676,0.0,,
1696842502687,0.009333333,
1696842503676,0.0,,
1696842503687,0.008833333,
1696842504676,0.0,,
1696842504687,0.0095,
1696842505675,0.0,,
1696842505687,0.0055,
1696842506676,0.0,,
1696842506687,0.008833333,
1696842507676,0.0,,
1696842507687,0.008833333,
1696842508675,0.0,,
1696842508687,0.004333333,
1696842509676,0.0,,
1696842509687,0.008833333,
1696842510675,0.0,,
1696842510687,0.011333333,
1696842511676,0.0,,
1696842511687,0.005,
1696842512676,0.0,,
1696842512687,0.010833333,
1696842513675,0.0,,
1696842513687,0.0125,
1696842514676,0.0,,
1696842514687,0.006,
1696842515675,0.0,,
1696842515687,0.012333333,
1696842516675,0.0,,
1696842516687,0.0055,
1696842517675,0.0,,
1696842517687,0.0105,
1696842518675,0.0,,
1696842518687,0.011333333,
1696842519675,0.0,,
1696842519687,0.005666666,
1696842520675,0.0,,
1696842520687,0.009666666,
1696842521676,0.0,,
1696842521687,0.009666666,
1696842522675,0.0,,
1696842522687,0.0055,
1696842523676,0.0,,
1696842523687,0.009833333,
1696842524676,0.0,,
1696842524687,0.011,
1696842525676,0.0,,
1696842525718,0.00986097575169738,
1696842526676,0.0,,
1696842526687,0.004467353608247422,
1696842527676,0.0,,
1696842527687,0.011678344344344345,
1696842528676,0.0,,
1696842528687,0.009833333,
1696842529675,0.0,,
1696842529687,0.01,
1696842530676,0.0,,
1696842530687,0.0055,
1696842531676,0.0,,
1696842531687,0.009333333,
1696842532676,0.0,,
1696842532687,0.008833333,
1696842533676,0.0,,
1696842533687,0.0055,
1696842534676,0.0,,
1696842534687,0.009,
1696842535675,0.0,,
1696842535687,0.009666666,
1696842536675,0.0,,
1696842536687,0.004666666,
1696842537676,0.0,,
1696842537687,0.010666666,
1696842538676,0.0,,
1696842538687,0.008833333,
1696842539675,0.0,,
1696842539687,0.0065,
1696842540675,0.0,,
1696842540687,0.010666666,
1696842541676,0.0,,
1696842541687,0.009666666,
1696842542676,0.0,,
1696842542687,0.010833333,
1696842543677,0.0,,
1696842543703,0.00984251968503937,
1696842544676,0.0,,
1696842544687,0.004573170731707317,
1696842545676,0.0,,
1696842545687,0.012166666,
1696842546675,0.0,,
1696842546687,0.005166666,
1696842547675,0.0,,
1696842547687,0.011,
1696842548676,0.0,,
1696842548687,0.005166666,
1696842549675,0.0,,
1696842549687,0.010333333,
1696842550676,0.0,,
1696842550687,0.0105,
1696842551676,0.0,,
1696842551687,0.009333333,
1696842552675,0.0,,
1696842552687,0.004666666,
1696842553675,0.0,,
1696842553687,0.009333333,
1696842554676,0.0,,
1696842554687,0.009166666,
1696842555675,0.0,,
1696842555687,0.004333333,
1696842556676,0.0,,
1696842556693,0.0105925183714002,
1696842557676,0.0,,
1696842557720,0.010396360623781676,
1696842558675,0.0,,
1696842558687,0.005515339193381592,
1696842559675,0.0,,
1696842559693,0.005627275074478649,
1696842560675,0.0,,
1696842560687,0.01090970090634441,
1696842561682,0.0,,
1696842561687,0.010166666,
1696842562675,0.0,,
1696842562687,0.004833333,
1696842563675,0.0,,
1696842563687,0.011166666,
1696842564676,0.0,,
1696842564687,0.012333333,
1696842565675,0.0,,
1696842565709,0.011089366927592955,
1696842566676,0.0,,
1696842566687,0.005112474437627812,
1696842567676,0.0,,
1696842567687,0.010333333,
1696842568676,0.0,,
1696842568687,0.009666666,
1696842569676,0.0,,
1696842569687,0.004666666,
1696842570676,0.0,,
1696842570687,0.009833333,
1696842571675,0.0,,
1696842571687,0.008666666,
1696842572675,0.0,,
1696842572687,0.0055,
1696842573676,0.0,,
1696842573687,0.012,
1696842574676,0.0,,
1696842574693,0.0054671968190854875,
1696842575676,0.0,,
1696842575687,0.01123407042253521,
1696842576675,0.0,,
1696842576687,0.005833333,
1696842577676,0.0,,
1696842577687,0.009,
1696842578675,0.0,,
1696842578687,0.009,
1696842579675,0.0,,
1696842579687,0.005333333,
1696842580675,0.0,,
1696842580687,0.010166666,
1696842581676,0.0,,
1696842581687,0.0105,
1696842582675,0.0,,
1696842582687,0.010833333,
1696842583675,0.0,,
1696842583687,0.0065,
1696842584676,0.0,,
1696842584687,0.0095,
1696842585676,0.0,,
1696842585687,0.011166666,
1696842586676,0.0,,
1696842586687,0.009,
1696842587676,0.0,,
1696842587687,0.006,
1696842588676,0.0,,
1696842588687,0.0095,
1696842589676,0.0,,
1696842589687,0.012666666,
1696842590676,0.0,,
1696842590687,0.005666666,
1696842591679,0.0,,
1696842591687,0.011833333,
1696842592675,0.0,,
1696842592693,0.005632868787276342,
1696842593680,0.0,,
1696842593687,0.005700871227364185,
1696842594675,0.0,,
1696842594687,0.012833333,
1696842595676,0.0,,
1696842595687,0.0055,
1696842596675,0.0,,
1696842596687,0.010833333,
1696842597676,0.0,,
1696842597687,0.005833333,
1696842598675,0.0,,
1696842598687,0.008833333,
1696842599675,0.0,,
1696842599687,0.011166666,
1696842600676,0.0,,
1696842600687,0.005833333,
1696842601676,0.0,,
1696842601692,0.01326699800995025,
1696842602675,0.0,,
1696842602687,0.0073701839195979895,
1696842603675,0.0,,
1696842603687,0.006166666,
1696842604676,0.0,,
1696842604687,0.007492507492507493,
1696842605676,0.0,,
1696842605687,0.011511511511511512,
1696842606679,0.0,,
1696842606687,0.006666666,
1696842607675,0.0,,
1696842607693,0.011265738568588469,
1696842608675,0.0,,
1696842608687,0.005700871227364185,
1696842609675,0.0,,
1696842609687,0.011333333,
1696842610675,0.0,,
1696842610687,0.0055,
1696842611675,0.0,,
1696842611687,0.009833333,
1696842612675,0.0,,
1696842612710,0.01107852688172043,
1696842613676,0.0,,
1696842613687,0.005800067553735926,
1696842614675,0.0,,
1696842614687,0.010833333,
1696842615675,0.0,,
1696842615687,0.005833333,
1696842616675,0.0,,
1696842616687,0.010166666,
1696842617675,0.0,,
1696842617717,0.010841423300970874,
1696842618676,0.0,,
1696842618687,0.005498281443298969,
1696842619676,0.0,,
1696842619687,0.009833333,
1696842620675,0.0,,
1696842620687,0.0055,
1696842621675,0.0,,
1696842621693,0.010261502482621648,
1696842622675,0.0,,
1696842622687,0.006377978851963746,
1696842623675,0.0,,
1696842623689,0.011133266201395813,
1696842624675,0.0,,
1696842624687,0.011033099297893681,
1696842625675,0.0,,
1696842625687,0.006333333,
1696842626676,0.0,,
1696842626703,0.011975064960629922,
1696842627675,0.0,,
1696842627687,0.005589430894308943,
1696842628682,0.0,,
1696842628687,0.010833333,
1696842629675,0.0,,
1696842629687,0.006166666,
1696842630680,0.0,,
1696842630688,0.012820512487512488,
1696842631675,0.0,,
1696842631687,0.0058391721721721725,
1696842632675,0.0,,
1696842632687,0.011166666,
1696842633679,0.0,,
1696842633687,0.006666666,
1696842634675,0.0,,
1696842634693,0.011751075471698113,
1696842635676,0.0,,
1696842635687,0.0055387713997985906,
1696842636675,0.0,,
1696842636687,0.0115,
1696842637675,0.0,,
1696842637687,0.006166666,
1696842638675,0.0,,
1696842638687,0.010833333,
1696842639676,0.0,,
1696842639722,0.011755232850241546,
1696842640675,0.0,,
1696842640687,0.006390327461139897,
1696842641676,0.0,,
1696842641687,0.011666666,
1696842642675,0.0,,
1696842642687,0.0045,
1696842643675,0.0,,
1696842643687,0.012166666,
1696842644675,0.0,,
1696842644687,0.009333333,
1696842645675,0.0,,
1696842645687,0.005,
1696842646675,0.0,,
1696842646687,0.0105,
1696842647675,0.0,,
1696842647687,0.011166666,
1696842648676,0.0,,
1696842648687,0.004666666,
1696842649675,0.0,,
1696842649693,0.010095994041708044,
1696842650675,0.0,,
1696842650687,0.0055387713997985906,
1696842651675,0.0,,
1696842651687,0.012666666,
1696842652675,0.0,,
1696842652711,0.01171875,
1696842653676,0.0,,
1696842653687,0.004610655737704918,
1696842654675,0.0,,
1696842654687,0.011833333,
1696842655675,0.0,,
1696842655687,0.0065,
1696842656684,0.0,,
1696842656716,0.012309685131195335,
1696842657679,0.0,,
1696842657687,0.005835907312049434,
1696842658675,0.0,,
1696842658693,0.006129886679920477,
1696842659675,0.0,,
1696842659687,0.01006036217303823,
1696842660675,0.0,,
1696842660687,0.005833333,
1696842661675,0.0,,
1696842661694,0.011254551142005959,
1696842662676,0.0,,
1696842662696,0.012641383233532933,
1696842663675,0.0,,
1696842663687,0.006054490413723511,
1696842664685,0.0,,
1696842664693,0.011597083499005964,
1696842665675,0.0,,
1696842665687,0.004527162977867203,
1696842666675,0.0,,
1696842666687,0.0115,
1696842667675,0.0,,
1696842667693,0.005632868787276342,
1696842668675,0.0,,
1696842668687,0.01123407042253521,
1696842669675,0.0,,
1696842669687,0.004666666,
1696842670675,0.0,,
1696842670687,0.012166666,
1696842671675,0.0,,
1696842671708,0.011753183153770812,
1696842672675,0.0,,
1696842672687,0.004596527068437181,
1696842673675,0.0,,
1696842673687,0.011166666,
1696842674676,0.0,,
1696842674687,0.0105,
1696842675675,0.0,,
1696842675687,0.005333333,
1696842676675,0.0,,
1696842676687,0.011166666,
1696842677675,0.0,,
1696842677687,0.009833333,
1696842678675,0.0,,
1696842678687,0.010333333,
1696842679676,0.0,,
1696842679698,0.01121002274975272,
1696842680675,0.0,,
1696842680687,0.006235253791708797,
1696842681675,0.0,,
1696842681687,0.010666666,
1696842682675,0.0,,
1696842682687,0.005833333,
1696842683675,0.0,,
1696842683687,0.010166666,
1696842684679,0.0,,
1696842684687,0.005,
1696842685675,0.0,,
1696842685693,0.012094101391650099,
1696842686675,0.0,,
1696842686687,0.005700871227364185,
1696842687675,0.0,,
1696842687687,0.011166666,
1696842688675,0.0,,
1696842688687,0.006,
1696842689675,0.0,,
1696842689687,0.014,
1696842690675,0.0,,
1696842690687,0.005833333,
1696842691675,0.0,,
1696842691693,0.01143141153081511,
1696842692675,0.0,,
1696842692687,0.005030181086519115,
1696842693675,0.0,,
1696842693687,0.0125,
1696842694675,0.0,,
1696842694687,0.0055,
1696842695675,0.0,,
1696842695687,0.012166666,
1696842696676,0.0,,
1696842696691,0.012284196215139442,
1696842697675,0.0,,
1696842697687,0.0046854076305220885,
1696842698675,0.0,,
1696842698687,0.010833333,
1696842699675,0.0,,
1696842699725,0.011078998073217727,
1696842700675,0.0,,
1696842700687,0.006410255717255718,
1696842701675,0.0,,
1696842701687,0.011833333,
1696842702675,0.0,,
1696842702687,0.004833333,
1696842703675,0.0,,
1696842703687,0.011166666,
1696842704675,0.0,,
1696842704687,0.005666666,
1696842705675,0.0,,
1696842705687,0.0115,
1696842706675,0.0,,
1696842706711,0.0110677080078125,
1696842707675,0.0,,
1696842707687,0.0056352459016393444,
1696842708675,0.0,,
1696842708687,0.012333333,
1696842709675,0.0,,
1696842709687,0.004666666,
1696842710675,0.0,,
1696842710687,0.010666666,
1696842711675,0.0,,
1696842711687,0.006833333,
1696842712675,0.0,,
1696842712687,0.0125,
1696842713675,0.0,,
1696842713687,0.007166666,
1696842714675,0.0,,
1696842714687,0.0125,
1696842715675,0.0,,
1696842715687,0.007333333,
1696842716676,0.0,,
1696842716701,0.010848126232741617,
1696842717675,0.0,,
1696842717688,0.0070921985815602835,
1696842718675,0.0,,
1696842718693,0.012437810945273632,
1696842719675,0.0,,
1696842719687,0.006371562374245473,
1696842720675,0.0,,
1696842720687,0.011833333,
1696842721675,0.0,,
1696842721687,0.004833333,
1696842722675,0.0,,
1696842722687,0.0115,
1696842723675,0.0,,
1696842723687,0.005833333,
1696842724675,0.0,,
1696842724687,0.012833333,
1696842725675,0.0,,
1696842725687,0.006666666,
1696842726680,0.0,,
1696842726687,0.012666666,
1696842727675,0.0,,
1696842727687,0.007166666,
1696842728675,0.0,,
1696842728754,0.010465478912839738,
1696842729675,0.0,,
1696842729687,0.006609502679528403,
1696842730675,0.0,,
1696842730687,0.011666666,
1696842731675,0.0,,
1696842731687,0.005166666,
1696842732675,0.0,,
1696842732687,0.011166666,
1696842733675,0.0,,
1696842733687,0.004833333,
1696842734675,0.0,,
1696842734687,0.012833333,
1696842735675,0.0,,
1696842735687,0.012,
1696842736675,0.0,,
1696842736687,0.005333333,
1696842737675,0.0,,
1696842737687,0.0145,
1696842738676,0.0,,
1696842738687,0.010333333,
1696842739675,0.0,,
1696842739710,0.010101009775171066,
1696842740675,0.0,,
1696842740687,0.006311838280450358,
1696842741675,0.0,,
1696842741687,0.010333333,
1696842742675,0.0,,
1696842742693,0.005964214711729622,
1696842743675,0.0,,
1696842743687,0.01056338028169014,
1696842744675,0.0,,
1696842744687,0.006166666,
1696842745675,0.0,,
1696842745687,0.011666666,
1696842746675,0.0,,
1696842746687,0.007,
1696842747675,0.0,,
1696842747687,0.012833333,
1696842748675,0.0,,
1696842748687,0.005166666,
1696842749675,0.0,,
1696842749687,0.013833333,
1696842750676,0.0,,
1696842750695,0.010251322420634921,
1696842751675,0.0,,
1696842751687,0.005880376008064516,
1696842752675,0.0,,
1696842752687,0.011,
1696842753675,0.0,,
1696842753687,0.005666666,
1696842754675,0.0,,
1696842754687,0.013333333,
1696842755675,0.0,,
1696842755687,0.005833333,
1696842756675,0.0,,
1696842756687,0.010833333,
1696842757675,0.0,,
1696842757714,0.009899382667964947,
1696842758682,0.0,,
1696842758687,0.00548132887975334,
1696842759675,0.0,,
1696842759687,0.012666666,
1696842760675,0.0,,
1696842760687,0.011166666,
1696842761675,0.0,,
1696842761687,0.0095,
1696842762675,0.0,,
1696842762687,0.005666666,
1696842763675,0.0,,
1696842763687,0.012166666,
1696842764675,0.0,,
1696842764687,0.004833333,
1696842765679,0.0,,
1696842765687,0.012,
1696842766675,0.0,,
1696842766693,0.005632868787276342,
1696842767676,0.0,,
1696842767687,0.011569416498993963,
1696842768679,0.0,,
1696842768687,0.006333333,
1696842769675,0.0,,
1696842769687,0.006666666,
1696842770679,0.0,,
1696842770687,0.014,
1696842771675,0.0,,
1696842771687,0.008166666,
1696842772687,0.013333333,
1696842772688,0.0,,
1696842773675,0.0,,
1696842773687,0.005833333,
1696842774676,0.0,,
1696842774689,0.011809713572854291,
1696842775675,0.0,,
1696842775693,0.006142097609561753,
1696842776675,0.0,,
1696842776687,0.011737088531187123,
1696842777675,0.0,,
1696842777687,0.006666666,
1696842778675,0.0,,
1696842778687,0.011833333,
1696842779675,0.0,,
1696842779687,0.006166666,
1696842780675,0.0,,
1696842780687,0.011,
1696842781675,0.0,,
1696842781687,0.005,
1696842782675,0.0,,
1696842782687,0.012333333,
1696842783675,0.0,,
1696842783687,0.010666666,
1696842784675,0.0,,
1696842784687,0.0055,
1696842785675,0.0,,
1696842785687,0.013,
1696842786675,0.0,,
1696842786687,0.011666666,
1696842787675,0.0,,
1696842787687,0.0055,
1696842788675,0.0,,
1696842788687,0.011166666,
1696842789675,0.0,,
1696842789687,0.0065,
1696842790675,0.0,,
1696842790687,0.012,
1696842791676,0.0,,
1696842791688,0.011488511488511488,
1696842792675,0.0,,
1696842792687,0.005171837837837838,
1696842793675,0.0,,
1696842793687,0.011833333,
1696842794675,0.0,,
1696842794687,0.0065,
1696842795675,0.0,,
1696842795687,0.012,
1696842796675,0.0,,
1696842796687,0.0065,
1696842797675,0.0,,
1696842797687,0.013833333,
1696842798675,0.0,,
1696842798687,0.007166666,
1696842799675,0.0,,
1696842799687,0.012,
1696842800675,0.0,,
1696842800687,0.004833333,
1696842801675,0.0,,
1696842801687,0.0125,
1696842802675,0.0,,
1696842802693,0.006792577534791252,
1696842803675,0.0,,
1696842803687,0.011737088531187123,
1696842804675,0.0,,
1696842804687,0.006,
1696842805680,0.0,,
1696842805693,0.01242544731610338,
1696842806675,0.0,,
1696842806687,0.006036217303822937,
1696842807675,0.0,,
1696842807687,0.013166666,
1696842808675,0.0,,
1696842808687,0.005833333,
1696842809675,0.0,,
1696842809687,0.010833333,
1696842810675,0.0,,
1696842810687,0.005666666,
1696842811675,0.0,,
1696842811687,0.0125,
1696842812675,0.0,,
1696842812687,0.006333333,
1696842813675,0.0,,
1696842813687,0.011166666,
1696842814675,0.0,,
1696842814687,0.010166666,
1696842815675,0.0,,
1696842815687,0.009666666,
1696842816675,0.0,,
1696842816687,0.005,
1696842817675,0.0,,
1696842817687,0.012666666,
1696842818675,0.0,,
1696842818687,0.004666666,
1696842819675,0.0,,
1696842819687,0.0115,
1696842820675,0.0,,
1696842820693,0.006295559642147118,
1696842821675,0.0,,
1696842821687,0.013749160965794769,
1696842822675,0.0,,
1696842822687,0.007666666,
1696842823679,0.0,,
1696842823687,0.0395,
1696842824675,0.0,,
1696842824687,0.004166666,
1696842825675,0.0,,
1696842825687,0.009166666,
1696842826675,0.0,,
1696842826687,0.0045,
1696842827675,0.0,,
1696842827687,0.012,
1696842828675,0.0,,
1696842828687,0.011,
1696842829675,0.0,,
1696842829687,0.005,
1696842830675,0.0,,
1696842830687,0.0105,
1696842831675,0.0,,
1696842831687,0.011,
1696842832675,0.0,,
1696842832687,0.006,
1696842833675,0.0,,
1696842833687,0.010333333,
1696842834679,0.0,,
1696842834687,0.004333333,
1696842835675,0.0,,
1696842835687,0.011166666,
1696842836675,0.0,,
1696842836687,0.006166666,
1696842837680,0.0,,
1696842837687,0.006,
1696842838675,0.0,,
1696842838687,0.011166666,
1696842839675,0.0,,
1696842839687,0.005,
1696842840675,0.0,,
1696842840687,0.009333333,
1696842841675,0.0,,
1696842841687,0.009333333,
1696842842675,0.0,,
1696842842687,0.004333333,
1696842843675,0.0,,
1696842843687,0.009166666,
1696842844675,0.0,,
1696842844687,0.009166666,
1696842845675,0.0,,
1696842845687,0.0045,
1696842846675,0.0,,
1696842846690,0.010302425722831505,
1696842847675,0.0,,
1696842847687,0.005182212637913741,
1696842848675,0.0,,
1696842848687,0.009166666,
1696842849679,0.0,,
1696842849687,0.011333333,
1696842850675,0.0,,
1696842850693,0.005135850894632207,
1696842851675,0.0,,
1696842851687,0.005197853118712274,
1696842852679,0.0,,
1696842852687,0.012833333,
1696842853675,0.0,,
1696842853693,0.004638833001988071,
1696842854675,0.0,,
1696842854687,0.011569416498993963,
1696842855679,0.0,,
1696842855687,0.006,
1696842856676,0.0,,
1696842856687,0.010833333,
1696842857675,0.0,,
1696842857687,0.006333333,
1696842858675,0.0,,
1696842858687,0.005666666,
1696842859675,0.0,,
1696842859687,0.010333333,
1696842860675,0.0,,
1696842860687,0.0045,
1696842861679,0.0,,
1696842861687,0.011666666,
1696842862675,0.0,,
1696842862687,0.006,
1696842863675,0.0,,
1696842863687,0.006166666,
1696842864679,0.0,,
1696842864687,0.011166666,
1696842865675,0.0,,
1696842865693,0.005632868787276342,
1696842866675,0.0,,
1696842866687,0.01123407042253521,
1696842867675,0.0,,
1696842867687,0.0055,
1696842868675,0.0,,
1696842868687,0.009333333,
1696842869675,0.0,,
1696842869687,0.008166666,
1696842870675,0.0,,
1696842870687,0.004833333,
1696842871675,0.0,,
1696842871687,0.009166666,
1696842872675,0.0,,
1696842872687,0.0095,
1696842873675,0.0,,
1696842873687,0.008166666,
1696842874675,0.0,,
1696842874687,0.009333333,
1696842875675,0.0,,
1696842875687,0.004166666,
1696842876675,0.0,,
1696842876687,0.009666666,
1696842877675,0.0,,
1696842877687,0.005333333,
1696842878675,0.0,,
1696842878687,0.012,
1696842879675,0.0,,
1696842879687,0.006333333,
1696842880675,0.0,,
1696842880687,0.010666666,
1696842881675,0.0,,
1696842881687,0.0055,
1696842882675,0.0,,
1696842882687,0.010166666,
1696842883675,0.0,,
1696842883736,0.01016841372735939,
1696842884675,0.0,,
1696842884687,0.005432876971608833,
1696842885675,0.0,,
1696842885687,0.010333333,
1696842886675,0.0,,
1696842886693,0.005301523856858847,
1696842887675,0.0,,
1696842887687,0.010395707243460764,
1696842888675,0.0,,
1696842888687,0.005,
1696842889675,0.0,,
1696842889693,0.010603047713717693,
1696842890675,0.0,,
1696842890687,0.004359489939637827,
1696842891675,0.0,,
1696842891687,0.010833333,
1696842892675,0.0,,
1696842892687,0.004,
1696842893675,0.0,,
1696842893687,0.010666666,
1696842894675,0.0,,
1696842894687,0.005,
1696842895675,0.0,,
1696842895687,0.010333333,
1696842896683,0.0,,
1696842896707,0.010620914705882353,
1696842897675,0.0,,
1696842897687,0.005272108163265306,
1696842898675,0.0,,
1696842898687,0.0115,
1696842899683,0.0,,
1696842899687,0.009166666,
1696842900675,0.0,,
1696842900687,0.004166666,
1696842901675,0.0,,
1696842901693,0.009443339960238568,
1696842902681,0.0,,
1696842902687,0.005533199195171026,
1696842903675,0.0,,
1696842903687,0.010166666,
1696842904675,0.0,,
1696842904700,0.005593944718657453,
1696842905675,0.0,,
1696842905687,0.013002363728470112,
1696842906675,0.0,,
1696842906687,0.005333333,
1696842907675,0.0,,
1696842907687,0.010833333,
1696842908687,0.011,
1696842908693,0.0,,
1696842909675,0.0,,
1696842909687,0.005166666,
1696842910675,0.0,,
1696842910687,0.0105,
1696842911675,0.0,,
1696842911687,0.005666666,
1696842912675,0.0,,
1696842912687,0.010833333,
1696842913675,0.0,,
1696842913693,0.005135850894632207,
1696842914675,0.0,,
1696842914687,0.0107310523138833,
1696842915675,0.0,,
1696842915687,0.005166666,
1696842916675,0.0,,
1696842916687,0.011166666,
1696842917679,0.0,,
1696842917687,0.011,
1696842918675,0.0,,
1696842918687,0.004333333,
1696842919675,0.0,,
1696842919687,0.008333333,
1696842920675,0.0,,
1696842920687,0.009,
1696842921675,0.0,,
1696842921687,0.004166666,
1696842922675,0.0,,
1696842922687,0.011166666,
1696842923675,0.0,,
1696842923687,0.010833333,
1696842924675,0.0,,
1696842924687,0.0055,
1696842925675,0.0,,
1696842925687,0.010666666,
1696842926676,0.0,,
1696842926697,0.01105610495049505,
1696842927675,0.0,,
1696842927687,0.0052188545454545454,
1696842928675,0.0,,
1696842928711,0.010416666015625,
1696842929675,0.0,,
1696842929687,0.005293715163934426,
1696842930679,0.0,,
1696842930687,0.006333333,
1696842931675,0.0,,
1696842931693,0.01143141153081511,
1696842932675,0.0,,
1696842932687,0.005197853118712274,
1696842933675,0.0,,
1696842933687,0.010833333,
1696842934675,0.0,,
1696842934693,0.005135850894632207,
1696842935675,0.0,,
1696842935687,0.01123407042253521,
1696842936675,0.0,,
1696842936687,0.005166666,
1696842937675,0.0,,
1696842937693,0.010437375745526839,
1696842938675,0.0,,
1696842938687,0.00536552615694165,
1696842939675,0.0,,
1696842939687,0.010833333,
1696842940675,0.0,,
1696842940687,0.011,
1696842941675,0.0,,
1696842941687,0.004333333,
1696842942675,0.0,,
1696842942687,0.011333333,
1696842943675,0.0,,
1696842943687,0.011,
1696842944687,0.0,,
1696842944692,0.0058043114427860695,
1696842945675,0.0,,
1696842945687,0.010720267336683418,
1696842946675,0.0,,
1696842946687,0.005666666,
1696842947675,0.0,,
1696842947687,0.010833333,
1696842948675,0.0,,
1696842948687,0.011333333,
1696842949675,0.0,,
1696842949687,0.004666666,
1696842950675,0.0,,
1696842950687,0.012,
1696842951675,0.0,,
1696842951687,0.006833333,
1696842952675,0.0,,
1696842952687,0.012321011988011988,
1696842953675,0.0,,
1696842953687,0.006339672672672673,
1696842954679,0.0,,
1696842954719,0.011466407945736433,
1696842955675,0.0,,
1696842955693,0.00513347022587269,
1696842956675,0.0,,
1696842956687,0.006874580482897384,
1696842957675,0.0,,
1696842957687,0.011333333,
1696842958675,0.0,,
1696842958723,0.010456885135135135,
1696842959675,0.0,,
1696842959687,0.006224066390041493,
1696842960675,0.0,,
1696842960687,0.011833333,
1696842961675,0.0,,
1696842961687,0.005166666,
1696842962675,0.0,,
1696842962687,0.010333333,
1696842963676,0.0,,
1696842963687,0.009333333,
1696842964675,0.0,,
1696842964693,0.004141815109343937,
1696842965675,0.0,,
1696842965687,0.008718979879275654,
1696842966675,0.0,,
1696842966687,0.010166666,
1696842967675,0.0,,
1696842967693,0.004307488071570577,
1696842968675,0.0,,
1696842968687,0.012072434607645875,
1696842969675,0.0,,
1696842969687,0.005833333,
1696842970675,0.0,,
1696842970693,0.012922465208747515,
1696842971675,0.0,,
1696842971687,0.00536552615694165,
1696842972675,0.0,,
1696842972687,0.0105,
1696842973675,0.0,,
1696842973687,0.006,
1696842974675,0.0,,
1696842974687,0.010666666,
1696842975675,0.0,,
1696842975687,0.005666666,
1696842976675,0.0,,
1696842976693,0.010934393638170975,
1696842977675,0.0,,
1696842977687,0.006203889336016097,
1696842978680,0.0,,
1696842978712,0.01382113756097561,
1696842979675,0.0,,
1696842979693,0.004417260958205912,
1696842980682,9.940357852882703E-4,,
1696842980696,0.005478087649402391,
1696842981679,0.0,,
1696842981687,0.013131313131313131,
1696842982675,0.0,,
1696842982693,0.006129886679920477,
1696842983675,0.0,,
1696842983687,0.01123407042253521,
1696842984675,0.0,,
1696842984687,0.006,
1696842985675,0.0,,
1696842985687,0.009333333,
1696842986675,0.0,,
1696842986687,0.0095,
1696842987675,0.0,,
1696842987687,0.009333333,
1696842988675,0.0,,
1696842988687,0.0045,
1696842989675,0.0,,
1696842989687,0.009166666,
1696842990675,0.0,,
1696842990687,0.009166666,
1696842991675,0.0,,
1696842991687,0.01,
1696842992675,0.0,,
1696842992703,0.008849557522123894,
1696842993675,0.0,,
1696842993687,0.004747371312309258,
1696842994675,0.0,,
1696842994687,0.011,
1696842995675,0.0,,
1696842995687,0.004333333,
1696842996193,0,
1696842996197,0,