Timestamp,Slave 0,
1706657992408,108160,,
1706657992414,461476,
1706657993396,109700,,
1706657993412,706640,
1706657994394,109788,,
1706657994397,1585984,
1706657995396,109788,,
1706657995441,3219236,
1706657996393,109824,,
1706657996405,3226644,
1706657997412,109824,,
1706657997416,3227448,
1706657998398,109824,,
1706657998414,3229048,
1706657999396,109824,,
1706657999407,3229344,
1706658000407,112552,3231752,
1706658001397,115188,,
1706658001402,3232492,
1706658002397,115188,,
1706658002416,3233028,
1706658003408,3233828,
1706658003409,115188,,
1706658004408,115188,,
1706658004421,3234104,
1706658005396,115272,,
1706658005417,3234640,
1706658006410,115272,,
1706658006412,3235516,
1706658007393,115332,,
1706658007399,3236052,
1706658008405,115520,,
1706658008422,3236852,
1706658009405,115564,,
1706658009414,3236944,
1706658010400,115564,,
1706658010404,3237488,
1706658011389,115564,,
1706658011395,3238288,
1706658012405,3239088,
1706658012413,115636,,
1706658013401,115636,,
1706658013414,3240232,
1706658014404,115636,,
1706658014412,3240232,
1706658015398,115636,,
1706658015421,3240232,
1706658016396,115732,,
1706658016407,3240232,
1706658017407,115744,,
1706658017416,3240232,
1706658018402,115744,,
1706658018429,3240232,
1706658019407,115748,,
1706658019424,3240328,
1706658020402,115748,,
1706658020410,3240328,
1706658021403,115824,,
1706658021436,3240328,
1706658022403,115824,,
1706658022414,3240400,
1706658023395,115824,,
1706658023408,3240400,
1706658024416,3240400,
1706658024430,115824,,
1706658025400,115824,,
1706658025406,3240500,
1706658026409,115824,,
1706658026410,3240500,
1706658027388,115824,,
1706658027418,3240500,
1706658028402,115904,,
1706658028409,3240500,
1706658029402,115904,,
1706658029414,3241028,
1706658030402,115904,,
1706658030414,3241028,
1706658031398,115908,,
1706658031401,3241080,
1706658032400,115908,,
1706658032405,3241088,
1706658033408,3241088,
1706658033411,115984,,
1706658034402,116004,,
1706658034413,3241096,
1706658035404,116004,3241096,
1706658036404,3241136,
1706658036413,116004,,
1706658037396,116004,,
1706658037408,3241136,
1706658038394,116004,,
1706658038400,3241136,
1706658039398,116088,,
1706658039440,3241136,
1706658040392,116088,,
1706658040395,3241136,
1706658041388,116088,,
1706658041408,3241136,
1706658042405,116088,,
1706658042407,3241928,
1706658043403,116088,,
1706658043415,3241928,
1706658044405,116088,,
1706658044424,3242456,
1706658045409,116088,,
1706658045420,3242528,
1706658046398,116180,,
1706658046430,3242568,
1706658047397,116180,,
1706658047419,3243096,
1706658048408,116180,,
1706658048413,3243096,
1706658049407,3243356,
1706658049409,116180,,
1706658050405,116180,,
1706658050417,3243356,
1706658051394,116180,,
1706658051416,3243616,
1706658052405,3243844,
1706658052422,116180,,
1706658053437,3263396,
1706658053449,136044,,
1706658054401,121244,,
1706658054404,3274620,
1706658055393,121404,,
1706658055412,3263444,
1706658056404,121612,3263444,
1706658057397,121612,,
1706658057446,3263972,
1706658058404,121612,,
1706658058413,3265788,
1706658059406,121620,,
1706658059408,3266048,
1706658060397,121620,,
1706658060441,3266568,
1706658061389,121620,,
1706658061415,3266832,
1706658062408,3266832,
1706658062409,121620,,
1706658063401,121620,3266832,
1706658064407,3268152,
1706658064408,121620,,
1706658065404,121620,,
1706658065413,3268944,
1706658066403,121620,,
1706658066406,3269208,
1706658067411,121688,3269252,
1706658068408,121688,,
1706658068428,3270836,
1706658069408,121688,,
1706658069413,3270836,
1706658070407,3271992,
1706658070409,122480,,
1706658071399,122480,,
1706658071402,3272784,
1706658072404,122480,,
1706658072410,3273312,
1706658073406,122480,,
1706658073407,3273312,
1706658074388,122480,,
1706658074423,3273312,
1706658075388,122572,,
1706658075428,3273312,
1706658076402,122572,,
1706658076406,3274368,
1706658077396,122572,,
1706658077402,3274452,
1706658078401,122572,,
1706658078412,3274452,
1706658079408,122572,,
1706658079415,3274452,
1706658080402,122572,,
1706658080406,3274452,
1706658081412,122572,3274460,
1706658082387,122572,,
1706658082425,3274460,
1706658083393,122572,,
1706658083394,3274460,
1706658084404,3274460,
1706658084421,122572,,
1706658085405,122572,,
1706658085415,3274460,
1706658086416,122572,,
1706658086420,3274460,
1706658087403,122572,,
1706658087414,3274460,
1706658088406,3274460,
1706658088421,122652,,
1706658089407,122652,,
1706658089432,3274460,
1706658090387,122652,,
1706658090429,3274460,
1706658091395,3274460,
1706658091403,122652,,
1706658092404,3274460,
1706658092414,122652,,
1706658093408,3274460,
1706658093420,122652,,
1706658094406,122652,3274460,
1706658095403,122652,,
1706658095411,3274536,
1706658096416,3274800,
1706658096420,122652,,
1706658097400,122652,,
1706658097404,3274800,
1706658098397,122652,,
1706658098404,3274800,
1706658099404,122652,,
1706658099406,3274800,
1706658100408,3274800,
1706658100411,122716,,
1706658101406,122716,,
1706658101411,3274800,
1706658102408,122716,,
1706658102410,3274800,
1706658103408,122716,,
1706658103415,3274800,
1706658104392,122716,,
1706658104418,3274800,
1706658105388,122720,,
1706658105408,3274800,
1706658106387,122720,,
1706658106421,3274800,
1706658107414,122720,3274800,
1706658108391,122720,,
1706658108423,3274800,
1706658109401,122720,,
1706658109412,3274800,
1706658110397,122720,,
1706658110413,3274800,
1706658111394,122744,,
1706658111427,3274800,
1706658112414,122744,,
1706658112420,3274816,
1706658113403,122744,,
1706658113411,3274908,
1706658114394,122744,,
1706658114399,3274908,
1706658115404,3274908,
1706658115416,122744,,
1706658116402,122748,,
1706658116414,3274908,
1706658117406,122748,,
1706658117415,3274908,
1706658118400,122748,,
1706658118413,3274908,
1706658119419,3274960,
1706658119423,122880,,
1706658120405,122880,,
1706658120415,3274960,
1706658121409,3274960,
1706658121421,122880,,
1706658122407,122880,,
1706658122412,3274960,
1706658123407,122880,,
1706658123409,3274960,
1706658124396,122880,,
1706658124401,3274960,
1706658125397,122880,,
1706658125413,3274960,
1706658126404,122880,,
1706658126408,3274960,
1706658127408,122880,,
1706658127414,3274960,
1706658128406,122880,,
1706658128410,3274960,
1706658129406,122880,,
1706658129432,3274960,
1706658130406,122880,,
1706658130408,3274960,
1706658131406,122880,,
1706658131417,3274960,
1706658132400,122880,,
1706658132420,3274960,
1706658133406,122880,,
1706658133424,3274960,
1706658134405,122880,,
1706658134410,3274960,
1706658135406,122880,,
1706658135410,3275056,
1706658136400,122880,,
1706658136415,3275056,
1706658137403,122880,,
1706658137414,3275056,
1706658138387,122880,,
1706658138408,3275056,
1706658139407,122880,,
1706658139408,3275056,
1706658140412,3275056,
1706658140413,122880,,
1706658141388,122880,,
1706658141460,3275056,
1706658142392,122880,,
1706658142394,3288348,
1706658143406,122880,,
1706658143412,3288612,
1706658144400,122880,,
1706658144409,3288612,
1706658145411,122880,,
1706658145423,3288612,
1706658146407,122880,,
1706658146415,3279948,
1706658147405,122880,,
1706658147415,3279948,
1706658148407,122880,3279948,
1706658149398,122880,,
1706658149423,3279948,
1706658150412,122880,,
1706658150415,3279948,
1706658151400,122880,,
1706658151406,3279948,
1706658152400,122880,,
1706658152409,3279948,
1706658153407,3279948,
1706658153408,122880,,
1706658154407,3279948,
1706658154423,122880,,
1706658155406,122900,3279948,
1706658156404,122900,,
1706658156406,3279948,
1706658157399,122900,,
1706658157420,3279948,
1706658158396,122900,,
1706658158399,3279948,
1706658159405,122900,,
1706658159421,3279948,
1706658160407,122900,3279948,
1706658161401,122900,,
1706658161439,3279948,
1706658162408,3279948,
1706658162410,122928,,
1706658163412,123016,,
1706658163416,3279948,
1706658164405,123092,,
1706658164415,3280208,
1706658165404,123180,,
1706658165413,3280208,
1706658166406,123180,,
1706658166412,3280208,
1706658167412,3280208,
1706658167423,123180,,
1706658168403,123180,,
1706658168414,3280208,
1706658169403,123180,,
1706658169414,3280208,
1706658170400,123180,,
1706658170418,3280208,
1706658171398,3280208,
1706658171429,123180,,
1706658172408,123180,,
1706658172420,3280208,
1706658173406,123180,,
1706658173410,3280208,
1706658174405,123180,,
1706658174414,3280208,
1706658175406,123180,,
1706658175410,3280208,
1706658176414,3280208,
1706658176415,123180,,
1706658177406,123180,,
1706658177418,3280208,
1706658178409,123180,,
1706658178428,3280208,
1706658179400,123180,,
1706658179411,3280208,
1706658180406,3280208,
1706658180409,123180,,
1706658181403,123180,,
1706658181411,3280208,
1706658182399,123180,,
1706658182405,3280208,
1706658183402,123260,,
1706658183422,3280288,
1706658184405,123260,,
1706658184413,3280312,
1706658185406,123260,,
1706658185423,3280312,
1706658186402,123260,,
1706658186427,3280312,
1706658187406,123260,,
1706658187413,3280312,
1706658188399,123260,,
1706658188414,3280312,
1706658189407,123260,3280312,
1706658190400,123260,,
1706658190421,3280312,
1706658191402,123260,,
1706658191415,3280312,
1706658192398,123260,,
1706658192413,3280312,
1706658193405,123260,,
1706658193418,3280312,
1706658194403,3280312,
1706658194405,123260,,
1706658195405,123324,,
1706658195407,3280412,
1706658196404,123324,,
1706658196417,3280412,
1706658197405,123324,,
1706658197413,3280412,
1706658198404,123324,,
1706658198408,3280412,
1706658199400,123324,,
1706658199406,3280412,
1706658200394,123324,,
1706658200399,3280412,
1706658201399,123324,,
1706658201415,3280412,
1706658202414,123324,3280412,
1706658203402,123324,,
1706658203423,3280412,
1706658204407,123324,3280412,
1706658205407,3280412,
1706658205411,123324,,
1706658206404,123324,,
1706658206412,3280412,
1706658207398,123324,,
1706658207418,3280412,
1706658208411,123836,,
1706658208415,3280412,
1706658209409,136748,,
1706658209419,3280412,
1706658210404,130416,,
1706658210410,3280412,
1706658211399,130416,,
1706658211414,3280412,
1706658212400,130416,,
1706658212411,3280412,
1706658213396,130416,,
1706658213401,3280412,
1706658214398,130416,,
1706658214414,3280412,
1706658215405,130452,,
1706658215406,3280412,
1706658216403,130452,,
1706658216407,3280412,
1706658217408,130452,,
1706658217421,3280412,
1706658218409,130460,,
1706658218424,3280412,
1706658219400,130548,,
1706658219417,3280468,
1706658220404,130636,,
1706658220414,3280468,
1706658221404,130724,,
1706658221408,3280468,
1706658222398,130812,,
1706658222440,3280468,
1706658223399,130900,,
1706658223403,3280468,
1706658224404,3280468,
1706658224407,130988,,
1706658225409,3280468,
1706658225410,131076,,
1706658226400,131160,,
1706658226417,3280468,
1706658227404,131248,,
1706658227414,3280468,
1706658228409,131336,,
1706658228426,3280468,
1706658229399,131424,,
1706658229419,3280468,
1706658230403,131512,,
1706658230425,3280468,
1706658231399,131596,,
1706658231429,3280468,
1706658232404,3280468,
1706658232409,131684,,
1706658233405,131772,,
1706658233417,3280468,
1706658234411,3280468,
1706658234413,131860,,
1706658235401,3280468,
1706658235404,131952,,
1706658236408,3280552,
1706658236412,132040,,
1706658237395,132212,,
1706658237396,3280552,
1706658238403,132300,,
1706658238415,3280552,
1706658239404,3280552,
1706658239411,132388,,
1706658240406,132476,3280552,
1706658241401,132564,,
1706658241406,3280552,
1706658242397,132652,,
1706658242407,3280552,
1706658243395,132736,,
1706658243411,3280552,
1706658244405,132916,,
1706658244427,3280552,
1706658245401,133004,,
1706658245409,3280552,
1706658246409,133092,3280636,
1706658247405,133260,,
1706658247414,3280640,
1706658248406,133444,,
1706658248414,3280640,
1706658249411,133532,,
1706658249412,3280640,
1706658250399,133620,,
1706658250418,3280708,
1706658251407,133708,,
1706658251464,3280708,
1706658252403,3280708,
1706658252412,133796,,
1706658253388,133884,,
1706658253416,3280708,
1706658254409,3280708,
1706658254412,133968,,
1706658255405,134056,,
1706658255408,3280708,
1706658256402,134144,,
1706658256419,3280708,
1706658257403,134232,,
1706658257428,3280708,
1706658258406,134320,,
1706658258408,3280708,
1706658259404,134408,,
1706658259410,3280708,
1706658260406,134492,,
1706658260414,3280708,
1706658261406,3280708,
1706658261407,134580,,
1706658262408,134668,,
1706658262411,3280708,
1706658263413,134756,,
1706658263419,3280708,
1706658264399,134844,,
1706658264407,3280708,
1706658265407,3280708,
1706658265408,134932,,
1706658266395,3280708,
1706658266399,135020,,
1706658267400,135104,,
1706658267417,3280708,
1706658268406,135192,,
1706658268409,3280708,
1706658269393,135280,,
1706658269409,3280708,
1706658270400,135368,,
1706658270411,3280708,
1706658271404,3280708,
1706658271410,135456,,
1706658272405,135544,,
1706658272415,3280708,
1706658273399,3280708,
1706658273421,135892,,
1706658274404,3280708,
1706658274406,135980,,
1706658275407,3280708,
1706658275416,136068,,
1706658276390,136156,,
1706658276393,3280764,
1706658277404,3280764,
1706658277424,136244,,
1706658278406,136332,3280764,
1706658279408,136416,,
1706658279411,3280764,
1706658280404,3280764,
1706658280408,136504,,
1706658281422,136592,,
1706658281428,3280764,
1706658282426,3280764,
1706658282439,136680,,
1706658283403,136768,,
1706658283415,3280764,
1706658284399,136856,,
1706658284405,3280764,
1706658285387,136944,,
1706658285404,3280764,
1706658286400,137028,,
1706658286413,3280764,
1706658287404,137120,,
1706658287411,3280764,
1706658288400,137204,,
1706658288413,3280764,
1706658289397,137292,,
1706658289413,3280764,
1706658290394,137380,,
1706658290399,3280764,
1706658291413,137468,3280764,
1706658292408,137552,,
1706658292413,3280764,
1706658293402,137640,,
1706658293408,3280764,
1706658294404,137728,,
1706658294408,3280764,
1706658295400,137816,,
1706658295412,3280764,
1706658296400,137900,,
1706658296405,3280764,
1706658297401,137988,,
1706658297406,3280764,
1706658298403,138076,,
1706658298413,3280764,
1706658299406,138248,,
1706658299415,3280860,
1706658300407,3280860,
1706658300408,138336,,
1706658301401,138420,,
1706658301413,3280860,
1706658302408,138508,,
1706658302418,3280860,
1706658303402,138596,,
1706658303410,3280860,
1706658304397,138684,,
1706658304431,3281124,
1706658305406,3281124,
1706658305410,138772,,
1706658306406,138860,,
1706658306408,3281124,
1706658307400,138944,,
1706658307414,3281124,
1706658308409,139032,,
1706658308415,3281124,
1706658309399,139120,,
1706658309426,3281124,
1706658310387,139204,,
1706658310413,3281124,
1706658311406,139292,,
1706658311423,3281124,
1706658312398,3281124,
1706658312419,139380,,
1706658313411,3281124,
1706658313417,139468,,
1706658314416,139556,,
1706658314427,3281124,
1706658315406,139640,,
1706658315413,3281124,
1706658316406,139728,,
1706658316409,3281124,
1706658317408,139816,,
1706658317413,3281124,
1706658318405,3281124,
1706658318416,139904,,
1706658319387,139988,,
1706658319414,3281124,
1706658320405,140076,,
1706658320412,3281124,
1706658321404,140164,,
1706658321407,3281124,
1706658322399,140252,,
1706658322404,3281124,
1706658323407,140340,,
1706658323417,3281160,
1706658324419,3281160,
1706658324422,140428,,
1706658325403,140512,,
1706658325409,3281160,
1706658326412,140600,,
1706658326443,3281160,
1706658327397,140688,,
1706658327412,3281160,
1706658328409,3281160,
1706658328413,140776,,
1706658329402,140864,,
1706658329416,3281160,
1706658330399,140948,,
1706658330412,3281160,
1706658331403,141036,,
1706658331408,3281160,
1706658332407,141124,3281160,
1706658333401,141268,,
1706658333431,3281160,
1706658334402,141356,,
1706658334408,3281160,
1706658335404,141444,,
1706658335421,3281160,
1706658336398,141532,,
1706658336412,3281160,
1706658337403,141620,,
1706658337426,3281160,
1706658338406,141704,,
1706658338414,3281160,
1706658339404,141792,,
1706658339420,3281160,
1706658340408,3281160,
1706658340413,141880,,
1706658341405,141968,,
1706658341411,3281160,
1706658342406,3281160,
1706658342410,142056,,
1706658343417,3281160,
1706658343418,142144,,
1706658344404,142228,,
1706658344406,3281160,
1706658345387,142316,,
1706658345393,3281160,
1706658346404,142404,,
1706658346417,3281160,
1706658347405,3281160,
1706658347409,142492,,
1706658348413,142580,,
1706658348415,3281160,
1706658349406,142664,,
1706658349410,3281160,
1706658350403,142752,,
1706658350416,3281160,
1706658351407,3281160,
1706658351416,142840,,
1706658352404,142928,,
1706658352414,3281160,
1706658353397,143016,,
1706658353424,3281160,
1706658354401,143100,,
1706658354413,3281160,
1706658355401,143188,,
1706658355409,3281160,
1706658356403,143276,,
1706658356411,3281160,
1706658357393,3281160,
1706658357405,143372,,
1706658358410,3281160,
1706658358418,143460,,
1706658359406,143548,,
1706658359412,3281160,
1706658360387,143632,,
1706658360426,3281160,
1706658361399,143720,,
1706658361413,3281160,
1706658362397,143808,,
1706658362419,3281204,
1706658363401,143892,,
1706658363419,3281204,
1706658364404,143980,,
1706658364419,3281204,
1706658365414,144068,,
1706658365425,3281204,
1706658366408,144156,,
1706658366414,3281204,
1706658367403,144240,,
1706658367420,3281204,
1706658368409,144328,,
1706658368425,3281204,
1706658369411,144416,,
1706658369422,3281204,
1706658370400,144504,,
1706658370412,3281204,
1706658371398,144592,,
1706658371411,3281204,
1706658372419,144776,,
1706658372428,3281204,
1706658373387,144860,,
1706658373413,3281204,
1706658374406,3281256,
1706658374413,144948,,
1706658375407,145040,,
1706658375416,3281292,
1706658376407,145216,,
1706658376426,3281380,
1706658377396,145304,,
1706658377416,3281380,
1706658378411,145392,3281380,
1706658379402,3281380,
1706658379408,145476,,
1706658380407,145564,,
1706658380415,3281380,
1706658381411,145652,,
1706658381434,3281380,
1706658382400,145740,,
1706658382424,3281504,
1706658383406,145832,,
1706658383411,3281504,
1706658384407,145916,,
1706658384412,3281504,
1706658385404,146004,,
1706658385407,3281504,
1706658386408,146092,,
1706658386415,3281504,
1706658387405,146176,,
1706658387417,3281504,
1706658388408,146264,,
1706658388413,3281504,
1706658389411,3281504,
1706658389415,146352,,
1706658390404,146440,,
1706658390414,3281504,
1706658391405,146528,3281504,
1706658392404,146612,,
1706658392412,3281504,
1706658393407,146700,,
1706658393417,3281504,
1706658394405,3281504,
1706658394414,146788,,
1706658395406,3281504,
1706658395415,146876,,
1706658396402,146964,,
1706658396406,3281504,
1706658397405,147048,,
1706658397414,3281504,
1706658398404,147136,,
1706658398409,3281504,
1706658399404,147224,,
1706658399415,3281504,
1706658400399,3281504,
1706658400401,147312,,
1706658401401,147400,,
1706658401413,3281504,
1706658402404,3281504,
1706658402428,147488,,
1706658403405,147572,,
1706658403412,3281504,
1706658404409,3281504,
1706658404427,147660,,
1706658405408,147748,,
1706658405412,3281504,
1706658406391,147836,,
1706658406427,3281504,
1706658407403,147920,,
1706658407421,3281504,
1706658408405,3281504,
1706658408411,148008,,
1706658409399,148096,,
1706658409412,3281504,
1706658410406,148180,,
1706658410418,3281504,
1706658411415,148268,,
1706658411422,3281504,
1706658412397,148356,,
1706658412402,3281504,
1706658413407,3281504,
1706658413408,148444,,
1706658414393,148528,,
1706658414397,3281504,
1706658415408,148616,3281504,
1706658416410,3281504,
1706658416411,148704,,
1706658417403,148792,,
1706658417407,3281504,
1706658418396,148880,,
1706658418417,3281504,
1706658419406,148964,,
1706658419407,3281504,
1706658420403,149056,,
1706658420424,3281504,
1706658421410,149144,,
1706658421419,3281504,
1706658422412,149232,,
1706658422413,3281504,
1706658423408,149320,,
1706658423431,3281504,
1706658424405,3281504,
1706658424417,149408,,
1706658425393,149492,,
1706658425406,3281504,
1706658426404,149580,,
1706658426415,3281504,
1706658427409,149668,,
1706658427423,3281552,
1706658428387,149756,,
1706658428422,3281552,
1706658429398,149840,,
1706658429406,3281552,
1706658430397,149928,,
1706658430408,3281552,
1706658431406,150016,,
1706658431410,3281552,
1706658432400,150104,,
1706658432409,3281552,
1706658433401,150192,,
1706658433425,3281552,
1706658434406,150276,,
1706658434417,3281552,
1706658435395,150364,,
1706658435446,3281552,
1706658436403,150452,,
1706658436412,3281552,
1706658437408,150540,3281552,
1706658438387,150628,,
1706658438393,3281552,
1706658439408,150712,,
1706658439427,3281552,
1706658440411,150800,3281552,
1706658441399,150888,,
1706658441417,3281552,
1706658442398,150976,,
1706658442407,3281552,
1706658443404,151064,,
1706658443414,3281552,
1706658444397,151148,,
1706658444402,3281552,
1706658445406,151236,,
1706658445408,3281552,
1706658446396,151324,,
1706658446397,3281552,
1706658447408,151412,,
1706658447414,3281552,
1706658448402,151500,,
1706658448407,3281552,
1706658449407,151588,,
1706658449415,3281552,
1706658450407,3281552,
1706658450427,151672,,
1706658451406,151760,,
1706658451416,3281552,
1706658452409,3281552,
1706658452420,151848,,
1706658453405,3281552,
1706658453408,151936,,
1706658454406,152024,,
1706658454418,3281552,
1706658455405,3281552,
1706658455409,152108,,
1706658456401,3281552,
1706658456403,152196,,
1706658457387,152284,,
1706658457407,3281552,
1706658458405,152368,,
1706658458413,3281552,
1706658459408,152456,,
1706658459411,3281552,
1706658460403,152544,,
1706658460410,3281552,
1706658461402,152632,,
1706658461414,3281552,
1706658462401,152716,,
1706658462410,3281552,
1706658463404,152804,3281552,
1706658464408,3281552,
1706658464418,152892,,
1706658465402,3281552,
1706658465405,152980,,
1706658466402,153068,,
1706658466409,3281552,
1706658467408,153152,,
1706658467419,3281552,
1706658468404,3281552,
1706658468407,153240,,
1706658469394,153328,,
1706658469396,3281552,
1706658470400,153416,,
1706658470414,3281552,
1706658471402,153504,,
1706658471404,3281552,
1706658472404,153588,,
1706658472410,3281552,
1706658473401,153676,,
1706658473407,3281552,
1706658474403,3281552,
1706658474407,153764,,
1706658475399,153852,,
1706658475403,3281552,
1706658476406,153940,,
1706658476432,3281552,
1706658477393,3281552,
1706658477405,154028,,
1706658478398,154112,,
1706658478422,3281552,
1706658479400,154200,,
1706658479411,3281552,
1706658480403,154288,,
1706658480404,3281552,
1706658481408,154372,,
1706658481412,3281552,
1706658482406,3281552,
1706658482407,154460,,
1706658483404,154548,,
1706658483426,3281552,
1706658484397,154636,,
1706658484422,3281552,
1706658485406,154724,,
1706658485415,3281552,
1706658486404,3281552,
1706658486406,154808,,
1706658487402,154896,,
1706658487415,3281552,
1706658488405,154984,,
1706658488429,3281552,
1706658489401,155072,,
1706658489412,3281552,
1706658490401,3281552,
1706658490405,155160,,
1706658491386,155248,,
1706658491433,3281552,
1706658492404,155412,,
1706658492413,3281552,
1706658493399,155500,,
1706658493435,3281552,
1706658494404,155588,,
1706658494412,3281552,
1706658495404,3281552,
1706658495407,155676,,
1706658496406,155760,3281552,
1706658497394,155848,,
1706658497396,3281552,
1706658498400,155936,,
1706658498421,3281552,
1706658499388,156028,,
1706658499393,3281552,
1706658500412,156116,,
1706658500438,3281552,
1706658501403,156204,,
1706658501417,3281552,
1706658502410,156288,3281664,
1706658503410,156468,,
1706658503413,3281680,
1706658504405,156572,,
1706658504407,3281744,
1706658505402,156656,,
1706658505415,3281744,
1706658506404,3281744,
1706658506412,156744,,
1706658507406,156832,,
1706658507410,3281744,
1706658508407,156920,,
1706658508419,3281744,
1706658509405,157004,,
1706658509417,3281744,
1706658510408,157092,,
1706658510411,3281744,
1706658511399,157180,,
1706658511413,3281744,
1706658512408,3281744,
1706658512412,157268,,
1706658513408,157356,,
1706658513413,3281744,
1706658514403,157444,,
1706658514421,3281744,
1706658515418,3281744,
1706658515422,157528,,
1706658516403,3281744,
1706658516407,157616,,
1706658517402,157704,,
1706658517418,3281744,
1706658518405,157792,,
1706658518421,3281744,
1706658519402,3281744,
1706658519405,157880,,
1706658520407,157964,3281744,
1706658521402,158052,,
1706658521407,3281744,
1706658522397,158140,,
1706658522437,3281744,
1706658523415,3281744,
1706658523416,158228,,
1706658524405,158312,,
1706658524407,3281744,
1706658525408,158400,,
1706658525412,3281744,
1706658526406,158488,,
1706658526420,3281744,
1706658527404,158576,,
1706658527412,3281744,
1706658528408,158664,,
1706658528416,3281744,
1706658529407,3281744,
1706658529411,158752,,
1706658530406,158836,,
1706658530415,3281744,
1706658531401,158924,,
1706658531414,3281744,
1706658532406,159012,3281744,
1706658533400,159100,,
1706658533403,3281744,
1706658534404,159184,,
1706658534409,3281744,
1706658535409,159272,,
1706658535411,3281744,
1706658536402,159360,,
1706658536412,3281744,
1706658537404,159448,,
1706658537406,3281744,
1706658538403,3281744,
1706658538410,159536,,
1706658539406,159620,,
1706658539414,3281744,
1706658540397,159724,,
1706658540399,3281744,
1706658541399,159808,,
1706658541415,3281744,
1706658542401,159900,,
1706658542416,3281744,
1706658543406,159988,,
1706658543430,3281744,
1706658544390,160072,,
1706658544396,3281744,
1706658545387,160160,,
1706658545410,3281744,
1706658546404,160248,,
1706658546421,3281744,
1706658547406,160332,,
1706658547423,3281744,
1706658548411,3281744,
1706658548418,160420,,
1706658549403,160508,,
1706658549418,3281744,
1706658550404,160592,,
1706658550413,3281744,
1706658551396,160680,,
1706658551413,3281744,
1706658552408,160768,,
1706658552424,3281744,
1706658553398,160856,,
1706658553399,3281744,
1706658554393,3281744,
1706658554403,160940,,
1706658555406,161028,,
1706658555409,3281744,
1706658556405,161116,,
1706658556408,3281744,
1706658557406,161204,,
1706658557410,3281744,
1706658558416,161292,3281744,
1706658559392,161380,,
1706658559408,3281744,
1706658560398,161468,,
1706658560410,3281744,
1706658561406,161552,,
1706658561413,3281744,
1706658562404,161640,3281744,
1706658563408,161728,,
1706658563425,3281744,
1706658564402,161816,,
1706658564406,3281744,
1706658565406,161900,,
1706658565414,3281744,
1706658566402,161988,,
1706658566415,3281744,
1706658567394,162076,,
1706658567396,3281744,
1706658568405,3281744,
1706658568407,162164,,
1706658569396,162252,,
1706658569404,3281744,
1706658570397,162340,,
1706658570416,3281744,
1706658571406,3281744,
1706658571408,162428,,
1706658572403,162512,,
1706658572410,3281744,
1706658573398,162600,,
1706658573403,3281744,
1706658574402,162688,,
1706658574414,3281744,
1706658575399,162772,,
1706658575422,3281744,
1706658576406,3281744,
1706658576407,162860,,
1706658577403,162948,,
1706658577416,3281744,
1706658578408,163036,,
1706658578417,3281800,
1706658579408,163124,3281800,
1706658580392,163208,,
1706658580445,3281800,
1706658581399,163296,,
1706658581404,3281800,
1706658582403,163384,,
1706658582411,3281800,
1706658583404,163472,,
1706658583405,3281800,
1706658584404,3281800,
1706658584406,163560,,
1706658585405,3281800,
1706658585415,163644,,
1706658586406,163732,,
1706658586407,3281800,
1706658587406,163820,,
1706658587415,3281800,
1706658588404,163908,,
1706658588418,3281800,
1706658589399,163996,,
1706658589415,3281800,
1706658590386,164084,,
1706658590403,3281800,
1706658591404,164168,,
1706658591407,3281800,
1706658592413,164256,,
1706658592415,3281800,
1706658593402,164344,,
1706658593407,3281800,
1706658594401,164432,,
1706658594418,3281800,
1706658595397,164516,,
1706658595420,3281800,
1706658596405,164604,,
1706658596420,3281800,
1706658597415,164692,,
1706658597427,3281800,
1706658598402,164776,,
1706658598407,3281800,
1706658599386,164864,,
1706658599404,3281800,
1706658600400,164952,,
1706658600420,3281800,
1706658601398,165040,,
1706658601406,3281800,
1706658602404,3281800,
1706658602407,165124,,
1706658603411,165212,,
1706658603418,3281800,
1706658604408,165300,,
1706658604416,3281800,
1706658605413,3281800,
1706658605427,165388,,
1706658606407,165476,,
1706658606412,3281800,
1706658607403,165564,,
1706658607407,3281800,
1706658608408,165648,,
1706658608414,3281800,
1706658609409,165736,,
1706658609411,3281800,
1706658610406,165824,,
1706658610414,3281800,
1706658611405,165912,,
1706658611409,3281800,
1706658612402,165996,,
1706658612420,3281800,
1706658613405,3281800,
1706658613407,166084,,
1706658614405,166172,3281800,
1706658615391,166260,,
1706658615395,3281800,
1706658616407,166344,,
1706658616411,3281800,
1706658617403,166432,3281800,
1706658618415,166520,,
1706658618428,3281800,
1706658619408,166608,,
1706658619431,3281800,
1706658620392,166764,,
1706658620397,3281800,
1706658621406,3281800,
1706658621411,166852,,
1706658622394,166936,,
1706658622396,3281800,
1706658623414,167024,,
1706658623429,3281800,
1706658624404,3281800,
1706658624415,167112,,
1706658625407,3281800,
1706658625420,167200,,
1706658626406,167288,,
1706658626419,3281800,
1706658627408,167372,,
1706658627414,3281800,
1706658628406,167460,,
1706658628412,3281800,
1706658629403,167548,,
1706658629415,3281800,
1706658630410,167640,3281892,
1706658631417,167784,,
1706658631428,3281892,
1706658632405,167868,,
1706658632414,3281892,
1706658633405,167956,,
1706658633414,3281892,
1706658634406,168044,,
1706658634407,3281956,
1706658635410,168132,,
1706658635435,3281956,
1706658636404,168216,,
1706658636408,3281956,
1706658637406,168304,,
1706658637408,3281956,
1706658638402,168392,,
1706658638418,3281956,
1706658639406,168480,3281956,
1706658640403,168568,,
1706658640405,3281956,
1706658641393,168652,,
1706658641412,3281956,
1706658642403,168740,,
1706658642422,3281956,
1706658643405,3281956,
1706658643408,168828,,
1706658644404,3281956,
1706658644406,168916,,
1706658645414,3281956,
1706658645415,169000,,
1706658646410,169088,,
1706658646414,3281956,
1706658647399,169176,,
1706658647403,3281956,
1706658648396,169264,,
1706658648416,3281956,
1706658649394,169352,,
1706658649398,3281956,
1706658650399,169436,,
1706658650420,3281956,
1706658651403,169524,3281956,
1706658652412,3281956,
1706658652420,169612,,
1706658653386,185860,,
1706658653393,3298608,