Timestamp,Slave 0,Slave 1,Slave 2,
1734026428692,0,,,,
1734026428700,0,,,
1734026428709,,0,0,
1734026428717,53,,,,
1734026428728,149,,,
1734026428739,,149,,
1734026428774,,,149,
1734026429697,53,,,,
1734026429704,149,,,
1734026429710,,149,,
1734026429711,,,149,
1734026430694,53,,,,
1734026430701,149,,,
1734026430710,,,149,
1734026430716,,149,,
1734026431695,53,,,,
1734026431701,149,,,
1734026431710,,,149,
1734026431711,,149,,
1734026432695,53,,,,
1734026432701,149,,,
1734026432710,,,149,
1734026432712,,149,,
1734026433694,53,,,,
1734026433701,149,,,
1734026433710,,,149,
1734026433711,,149,,
1734026434695,53,,,,
1734026434701,149,,,
1734026434710,,,149,
1734026434711,,149,,
1734026435698,53,,,,
1734026435702,149,,,
1734026435711,,149,149,
1734026436694,53,,,,
1734026436703,149,,,
1734026436710,,,149,
1734026436711,,149,,
1734026437694,53,,,,
1734026437702,149,,,
1734026437710,,,149,
1734026437711,,149,,
1734026438694,53,,,,
1734026438702,149,,,
1734026438710,,,149,
1734026438711,,149,,
1734026439694,53,,,,
1734026439702,149,,,
1734026439710,,,149,
1734026439711,,149,,
1734026440696,53,,,,
1734026440702,149,,,
1734026440710,,149,149,
1734026441694,53,,,,
1734026441702,149,,,
1734026441710,,149,149,
1734026442694,53,,,,
1734026442701,149,,,
1734026442710,,,149,
1734026442715,,149,,
1734026443693,53,,,,
1734026443702,149,,,
1734026443710,,,149,
1734026443711,,149,,
1734026444693,53,,,,
1734026444702,149,,,
1734026444710,,,149,
1734026444711,,149,,
1734026445694,53,,,,
1734026445702,149,,,
1734026445710,,,149,
1734026445711,,149,,
1734026446694,53,,,,
1734026446701,149,,,
1734026446710,,,149,
1734026446713,,149,,
1734026447694,53,,,,
1734026447705,149,,,
1734026447710,,,149,
1734026447720,,149,,
1734026448694,53,,,,
1734026448701,149,,,
1734026448709,,,149,
1734026448711,,149,,
1734026449694,53,,,,
1734026449702,149,,,
1734026449710,,,149,
1734026449711,,149,,
1734026450694,53,,,,
1734026450702,149,,,
1734026450710,,,149,
1734026450711,,149,,
1734026451694,53,,,,
1734026451701,149,,,
1734026451710,,,149,
1734026451711,,149,,
1734026452695,53,,,,
1734026452702,149,,,
1734026452709,,,149,
1734026452710,,149,,
1734026453694,53,,,,
1734026453701,149,,,
1734026453710,,149,149,
1734026454694,53,,,,
1734026454701,149,,,
1734026454710,,149,149,
1734026455695,53,,,,
1734026455702,149,,,
1734026455711,,149,,
1734026455713,,,149,
1734026456694,53,,,,
1734026456702,149,,,
1734026456710,,,149,
1734026456711,,149,,
1734026457694,53,,,,
1734026457702,149,,,
1734026457710,,,149,
1734026457712,,149,,
1734026458694,53,,,,
1734026458701,149,,,
1734026458710,,,149,
1734026458711,,149,,
1734026459694,53,,,,
1734026459701,149,,,
1734026459711,,149,149,
1734026460693,53,,,,
1734026460701,149,,,
1734026460711,,149,149,
1734026461694,53,,,,
1734026461701,149,,,
1734026461710,,149,149,
1734026462693,53,,,,
1734026462701,149,,,
1734026462710,,149,149,
1734026463694,53,,,,
1734026463701,149,,,
1734026463710,,149,149,
1734026464694,53,,,,
1734026464701,149,,,
1734026464710,,,149,
1734026464711,,149,,
1734026465694,53,,,,
1734026465701,149,,,
1734026465710,,,149,
1734026465711,,149,,
1734026466694,53,,,,
1734026466701,149,,,
1734026466710,,,149,
1734026466711,,149,,
1734026467694,53,,,,
1734026467702,149,,,
1734026467710,,,149,
1734026467713,,149,,
1734026468693,53,,,,
1734026468701,149,,,
1734026468709,,,149,
1734026468710,,149,,
1734026469694,53,,,,
1734026469702,149,,,
1734026469709,,,149,
1734026469710,,149,,
1734026470695,53,,,,
1734026470702,149,,,
1734026470711,,,149,
1734026470716,,149,,
1734026471694,53,,,,
1734026471701,149,,,
1734026471709,,,149,
1734026471712,,149,,
1734026472694,53,,,,
1734026472701,149,,,
1734026472709,,,149,
1734026472710,,149,,
1734026473699,53,,,,
1734026473701,149,,,
1734026473709,,,149,
1734026473710,,149,,
1734026474694,53,,,,
1734026474701,149,,,
1734026474710,,149,149,
1734026475694,53,,,,
1734026475701,149,,,
1734026475709,,,149,
1734026475711,,149,,
1734026476693,53,,,,
1734026476701,149,,,
1734026476709,,,149,
1734026476710,,149,,
1734026477693,53,,,,
1734026477701,149,,,
1734026477709,,,149,
1734026477710,,149,,
1734026478693,53,,,,
1734026478701,149,,,
1734026478709,,,149,
1734026478710,,149,,
1734026479693,53,,,,
1734026479701,149,,,
1734026479709,,,149,
1734026479711,,149,,
1734026480693,53,,,,
1734026480701,149,,,
1734026480709,,,149,
1734026480710,,149,,
1734026481694,53,,,,
1734026481701,149,,,
1734026481709,,,149,
1734026481711,,149,,
1734026482694,53,,,,
1734026482701,149,,,
1734026482710,,149,149,
1734026483693,53,,,,
1734026483701,149,,,
1734026483709,,,149,
1734026483710,,149,,
1734026484693,53,,,,
1734026484701,149,,,
1734026484710,,149,149,
1734026485693,53,,,,
1734026485701,149,,,
1734026485709,,,149,
1734026485710,,149,,
1734026486693,53,,,,
1734026486701,149,,,
1734026486709,,,149,
1734026486710,,149,,
1734026487693,53,,,,
1734026487701,149,,,
1734026487710,,149,149,
1734026488693,53,,,,
1734026488701,149,,,
1734026488709,,,149,
1734026488710,,149,,
1734026489693,53,,,,
1734026489701,149,,,
1734026489710,,149,149,
1734026490693,53,,,,
1734026490701,149,,,
1734026490710,,149,149,
1734026491694,53,,,,
1734026491702,149,,,
1734026491711,,149,149,
1734026492693,53,,,,
1734026492701,149,,,
1734026492710,,149,149,
1734026493693,53,,,,
1734026493701,149,,,
1734026493709,,,149,
1734026493710,,149,,
1734026494693,53,,,,
1734026494701,149,,,
1734026494709,,,149,
1734026494710,,149,,
1734026495693,53,,,,
1734026495701,149,,,
1734026495710,,149,149,
1734026496693,53,,,,
1734026496701,149,,,
1734026496709,,,149,
1734026496710,,149,,
1734026497693,53,,,,
1734026497701,149,,,
1734026497709,,,149,
1734026497710,,149,,
1734026498693,53,,,,
1734026498701,149,,,
1734026498710,,149,149,
1734026499693,53,,,,
1734026499701,149,,,
1734026499710,,149,149,
1734026500694,53,,,,
1734026500702,149,,,
1734026500710,,,149,
1734026500711,,149,,
1734026501693,53,,,,
1734026501701,149,,,
1734026501710,,149,149,
1734026502693,53,,,,
1734026502701,149,,,
1734026502709,,,149,
1734026502710,,149,,
1734026503693,53,,,,
1734026503701,149,,,
1734026503710,,149,149,
1734026504693,53,,,,
1734026504701,149,,,
1734026504709,,,149,
1734026504710,,149,,
1734026505693,53,,,,
1734026505701,149,,,
1734026505710,,149,149,
1734026506693,53,,,,
1734026506701,149,,,
1734026506710,,149,149,
1734026507693,53,,,,
1734026507701,149,,,
1734026507710,,149,149,
1734026508693,53,,,,
1734026508701,149,,,
1734026508709,,,149,
1734026508710,,149,,
1734026509693,53,,,,
1734026509701,149,,,
1734026509710,,149,149,
1734026510693,53,,,,
1734026510701,149,,,
1734026510710,,149,149,
1734026511693,53,,,,
1734026511701,149,,,
1734026511710,,149,149,
1734026512693,53,,,,
1734026512701,149,,,
1734026512710,,149,149,
1734026513694,53,,,,
1734026513701,149,,,
1734026513710,,149,149,
1734026514693,53,,,,
1734026514701,149,,,
1734026514709,,,149,
1734026514710,,149,,
1734026515693,53,,,,
1734026515701,149,,,
1734026515709,,,149,
1734026515710,,149,,
1734026516693,53,,,,
1734026516701,149,,,
1734026516709,,,149,
1734026516710,,149,,
1734026517693,53,,,,
1734026517701,149,,,
1734026517709,,,149,
1734026517710,,149,,
1734026518693,53,,,,
1734026518701,149,,,
1734026518710,,149,149,
1734026519693,53,,,,
1734026519701,149,,,
1734026519709,,,149,
1734026519710,,149,,
1734026520693,53,,,,
1734026520701,149,,,
1734026520709,,,149,
1734026520710,,149,,
1734026521693,53,,,,
1734026521701,149,,,
1734026521709,,,149,
1734026521710,,149,,
1734026522693,53,,,,
1734026522701,149,,,
1734026522715,,149,,
1734026522719,,,149,
1734026523693,53,,,,
1734026523701,149,,,
1734026523709,,,149,
1734026523710,,149,,
1734026524693,53,,,,
1734026524701,149,,,
1734026524709,,,149,
1734026524711,,149,,
1734026525693,53,,,,
1734026525701,149,,,
1734026525709,,,149,
1734026525710,,149,,
1734026526693,53,,,,
1734026526701,149,,,
1734026526709,,,149,
1734026526710,,149,,
1734026527693,53,,,,
1734026527701,149,,,
1734026527710,,149,149,
1734026528693,53,,,,
1734026528701,149,,,
1734026528709,,,149,
1734026528710,,149,,
1734026529693,53,,,,
1734026529701,149,,,
1734026529710,,,149,
1734026529712,,149,,
1734026530693,53,,,,
1734026530701,149,,,
1734026530710,,,149,
1734026530711,,149,,
1734026531693,53,,,,
1734026531701,149,,,
1734026531710,,,149,
1734026531713,,149,,
1734026532693,53,,,,
1734026532701,149,,,
1734026532710,,149,149,
1734026533693,53,,,,
1734026533701,149,,,
1734026533710,,149,149,
1734026534693,53,,,,
1734026534701,149,,,
1734026534709,,,149,
1734026534710,,149,,
1734026535693,53,,,,
1734026535701,149,,,
1734026535710,,149,149,
1734026536693,53,,,,
1734026536701,149,,,
1734026536710,,149,149,
1734026537693,53,,,,
1734026537701,149,,,
1734026537709,,,149,
1734026537710,,149,,
1734026538693,53,,,,
1734026538701,149,,,
1734026538710,,149,149,
1734026539693,53,,,,
1734026539701,149,,,
1734026539710,,149,149,
1734026540693,53,,,,
1734026540701,149,,,
1734026540709,,,149,
1734026540710,,149,,
1734026541693,53,,,,
1734026541702,149,,,
1734026541710,,149,149,
1734026542693,53,,,,
1734026542701,149,,,
1734026542709,,,149,
1734026542710,,149,,
1734026543693,53,,,,
1734026543701,149,,,
1734026543709,,,149,
1734026543710,,149,,
1734026544693,53,,,,
1734026544701,149,,,
1734026544710,,149,149,
1734026545693,53,,,,
1734026545701,149,,,
1734026545709,,,149,
1734026545710,,149,,
1734026546693,53,,,,
1734026546701,149,,,
1734026546709,,,149,
1734026546710,,149,,
1734026547693,53,,,,
1734026547701,149,,,
1734026547709,,,149,
1734026547710,,149,,
1734026548693,53,,,,
1734026548701,149,,,
1734026548709,,,149,
1734026548710,,149,,
1734026549693,53,,,,
1734026549701,149,,,
1734026549710,,149,149,
1734026550693,53,,,,
1734026550701,149,,,
1734026550709,,,149,
1734026550710,,149,,
1734026551693,53,,,,
1734026551701,149,,,
1734026551709,,,149,
1734026551710,,149,,
1734026552693,53,,,,
1734026552701,149,,,
1734026552709,,,149,
1734026552710,,149,,
1734026553693,53,,,,
1734026553701,149,,,
1734026553709,,,149,
1734026553710,,149,,
1734026554693,53,,,,
1734026554701,149,,,
1734026554710,,,149,
1734026554711,,149,,
1734026555696,53,,,,
1734026555704,149,,,
1734026555713,,,149,
1734026555718,,149,,
1734026556693,53,,,,
1734026556701,149,,,
1734026556709,,,149,
1734026556711,,149,,
1734026557693,53,,,,
1734026557701,149,,,
1734026557709,,,149,
1734026557710,,149,,
1734026558693,53,,,,
1734026558701,149,,,
1734026558710,,149,149,
1734026559693,53,,,,
1734026559701,149,,,
1734026559710,,149,149,
1734026560693,53,,,,
1734026560701,149,,,
1734026560709,,,149,
1734026560710,,149,,
1734026561693,53,,,,
1734026561701,149,,,
1734026561709,,,149,
1734026561710,,149,,
1734026562693,53,,,,
1734026562701,149,,,
1734026562709,,,149,
1734026562710,,149,,
1734026563693,53,,,,
1734026563701,149,,,
1734026563710,,149,149,
1734026564693,53,,,,
1734026564701,149,,,
1734026564710,,149,149,
1734026565693,53,,,,
1734026565701,149,,,
1734026565710,,149,149,
1734026566693,53,,,,
1734026566701,149,,,
1734026566709,,,149,
1734026566710,,149,,
1734026567693,53,,,,
1734026567701,149,,,
1734026567709,,,149,
1734026567710,,149,,
1734026568693,53,,,,
1734026568701,149,,,
1734026568709,,,149,
1734026568710,,149,,
1734026569693,53,,,,
1734026569701,149,,,
1734026569709,,,149,
1734026569710,,149,,
1734026570693,53,,,,
1734026570701,149,,,
1734026570709,,,149,
1734026570710,,149,,
1734026571693,53,,,,
1734026571701,149,,,
1734026571709,,,149,
1734026571710,,149,,
1734026572693,53,,,,
1734026572701,149,,,
1734026572709,,,149,
1734026572710,,149,,
1734026573693,53,,,,
1734026573701,149,,,
1734026573709,,,149,
1734026573710,,149,,
1734026574693,53,,,,
1734026574701,149,,,
1734026574709,,,149,
1734026574710,,149,,
1734026575693,53,,,,
1734026575701,149,,,
1734026575709,,,149,
1734026575710,,149,,
1734026576693,53,,,,
1734026576701,149,,,
1734026576709,,,149,
1734026576710,,149,,
1734026577693,53,,,,
1734026577701,149,,,
1734026577709,,,149,
1734026577710,,149,,
1734026578693,53,,,,
1734026578701,149,,,
1734026578709,,,149,
1734026578710,,149,,
1734026579693,53,,,,
1734026579701,149,,,
1734026579709,,,149,
1734026579710,,149,,
1734026580693,53,,,,
1734026580701,149,,,
1734026580709,,,149,
1734026580710,,149,,
1734026581693,53,,,,
1734026581701,149,,,
1734026581710,,149,149,
1734026582693,53,,,,
1734026582701,149,,,
1734026582709,,,149,
1734026582710,,149,,
1734026583693,53,,,,
1734026583701,149,,,
1734026583709,,,149,
1734026583710,,149,,
1734026584693,53,,,,
1734026584701,149,,,
1734026584709,,,149,
1734026584710,,149,,
1734026585693,53,,,,
1734026585701,149,,,
1734026585709,,,149,
1734026585710,,149,,
1734026586693,53,,,,
1734026586701,149,,,
1734026586709,,,149,
1734026586710,,149,,
1734026587693,53,,,,
1734026587701,149,,,
1734026587710,,149,149,
1734026588693,53,,,,
1734026588701,149,,,
1734026588709,,,149,
1734026588710,,149,,
1734026589693,53,,,,
1734026589701,149,,,
1734026589710,,149,149,
1734026590693,53,,,,
1734026590701,149,,,
1734026590709,,,149,
1734026590710,,149,,
1734026591693,53,,,,
1734026591701,149,,,
1734026591709,,,149,
1734026591710,,149,,
1734026592693,53,,,,
1734026592701,149,,,
1734026592709,,,149,
1734026592710,,149,,
1734026593693,53,,,,
1734026593701,149,,,
1734026593710,,149,149,
1734026594693,53,,,,
1734026594701,149,,,
1734026594710,,149,149,
1734026595693,53,,,,
1734026595701,149,,,
1734026595709,,,149,
1734026595710,,149,,
1734026596693,53,,,,
1734026596701,149,,,
1734026596713,,149,,
1734026596726,,,149,
1734026597693,53,,,,
1734026597701,149,,,
1734026597709,,,149,
1734026597710,,149,,
1734026598693,53,,,,
1734026598701,149,,,
1734026598709,,,149,
1734026598710,,149,,
1734026599693,53,,,,
1734026599701,149,,,
1734026599709,,,149,
1734026599710,,149,,
1734026600693,53,,,,
1734026600701,149,,,
1734026600710,,149,149,
1734026601693,53,,,,
1734026601701,149,,,
1734026601710,,149,149,
1734026602693,53,,,,
1734026602701,149,,,
1734026602709,,,149,
1734026602710,,149,,
1734026603693,53,,,,
1734026603701,149,,,
1734026603709,,,149,
1734026603710,,149,,
1734026604693,53,,,,
1734026604701,149,,,
1734026604709,,,149,
1734026604710,,149,,
1734026605693,53,,,,
1734026605701,149,,,
1734026605710,,149,149,
1734026606693,53,,,,
1734026606701,149,,,
1734026606709,,,149,
1734026606710,,149,,
1734026607693,53,,,,
1734026607701,149,,,
1734026607710,,150,149,
1734026608693,53,,,,
1734026608701,149,,,
1734026608710,,149,149,
1734026609693,53,,,,
1734026609701,149,,,
1734026609710,,149,149,
1734026610693,53,,,,
1734026610701,149,,,
1734026610710,,149,149,
1734026611693,53,,,,
1734026611701,149,,,
1734026611710,,149,149,
1734026612693,53,,,,
1734026612701,149,,,
1734026612709,,,149,
1734026612710,,149,,
1734026613693,53,,,,
1734026613701,149,,,
1734026613709,,,149,
1734026613710,,149,,
1734026614693,53,,,,
1734026614701,149,,,
1734026614710,,149,149,
1734026615693,53,,,,
1734026615701,149,,,
1734026615709,,,149,
1734026615710,,149,,
1734026616693,53,,,,
1734026616701,149,,,
1734026616709,,,149,
1734026616710,,149,,
1734026617693,53,,,,
1734026617701,149,,,
1734026617709,,,149,
1734026617710,,149,,
1734026618693,53,,,,
1734026618701,149,,,
1734026618709,,,149,
1734026618710,,149,,
1734026619693,53,,,,
1734026619701,149,,,
1734026619710,,149,149,
1734026620693,53,,,,
1734026620701,149,,,
1734026620710,,149,149,
1734026621693,53,,,,
1734026621701,149,,,
1734026621709,,,149,
1734026621710,,149,,
1734026622693,53,,,,
1734026622701,149,,,
1734026622710,,149,149,
1734026623693,53,,,,
1734026623701,149,,,
1734026623710,,149,149,
1734026624693,53,,,,
1734026624701,149,,,
1734026624709,,,149,
1734026624710,,149,,
1734026625693,53,,,,
1734026625701,149,,,
1734026625709,,,149,
1734026625710,,149,,
1734026626693,53,,,,
1734026626701,149,,,
1734026626709,,,149,
1734026626710,,149,,
1734026627693,53,,,,
1734026627701,149,,,
1734026627709,,,149,
1734026627710,,149,,
1734026628693,53,,,,
1734026628701,149,,,
1734026628710,,149,149,
1734026629693,53,,,,
1734026629701,149,,,
1734026629710,,149,149,
1734026630693,53,,,,
1734026630701,149,,,
1734026630709,,,149,
1734026630710,,149,,
1734026631693,53,,,,
1734026631701,149,,,
1734026631709,,,149,
1734026631710,,149,,
1734026632693,53,,,,
1734026632701,149,,,
1734026632709,,,149,
1734026632710,,149,,
1734026633693,53,,,,
1734026633701,149,,,
1734026633709,,,149,
1734026633710,,149,,
1734026634693,53,,,,
1734026634701,149,,,
1734026634709,,,149,
1734026634710,,149,,
1734026635693,53,,,,
1734026635702,149,,,
1734026635710,,149,149,
1734026636693,53,,,,
1734026636701,149,,,
1734026636709,,,149,
1734026636710,,149,,
1734026637693,53,,,,
1734026637701,149,,,
1734026637709,,,149,
1734026637710,,149,,
1734026638693,53,,,,
1734026638701,149,,,
1734026638709,,,149,
1734026638710,,149,,
1734026639693,53,,,,
1734026639701,149,,,
1734026639709,,,149,
1734026639710,,149,,
1734026640693,53,,,,
1734026640701,149,,,
1734026640709,,,149,
1734026640710,,149,,
1734026641693,53,,,,
1734026641701,149,,,
1734026641709,,,149,
1734026641710,,149,,
1734026642693,53,,,,
1734026642701,149,,,
1734026642709,,,149,
1734026642710,,149,,
1734026643693,53,,,,
1734026643701,149,,,
1734026643709,,,149,
1734026643710,,149,,
1734026644693,53,,,,
1734026644701,149,,,
1734026644709,,,149,
1734026644710,,149,,
1734026645693,53,,,,
1734026645701,149,,,
1734026645709,,,149,
1734026645710,,149,,
1734026646693,53,,,,
1734026646701,149,,,
1734026646709,,,149,
1734026646710,,149,,
1734026647693,53,,,,
1734026647701,149,,,
1734026647710,,149,149,
1734026648693,53,,,,
1734026648701,149,,,
1734026648709,,,149,
1734026648710,,149,,
1734026649693,53,,,,
1734026649701,149,,,
1734026649709,,,149,
1734026649711,,149,,
1734026650693,53,,,,
1734026650701,149,,,
1734026650709,,,149,
1734026650711,,149,,
1734026651693,53,,,,
1734026651701,149,,,
1734026651709,,,149,
1734026651710,,149,,
1734026652693,53,,,,
1734026652701,149,,,
1734026652710,,149,149,
1734026653693,53,,,,
1734026653701,149,,,
1734026653709,,,149,
1734026653710,,149,,
1734026654693,53,,,,
1734026654701,149,,,
1734026654709,,,149,
1734026654710,,149,,
1734026655693,53,,,,
1734026655701,149,,,
1734026655709,,,149,
1734026655710,,149,,
1734026656693,53,,,,
1734026656701,149,,,
1734026656709,,,149,
1734026656710,,149,,
1734026657693,53,,,,
1734026657701,149,,,
1734026657709,,,149,
1734026657710,,149,,
1734026658693,53,,,,
1734026658701,149,,,
1734026658709,,,149,
1734026658710,,149,,
1734026659693,53,,,,
1734026659701,149,,,
1734026659709,,,149,
1734026659710,,149,,
1734026660693,53,,,,
1734026660701,149,,,
1734026660709,,,149,
1734026660710,,149,,
1734026661693,54,,,,
1734026661701,149,,,
1734026661709,,,149,
1734026661710,,149,,
1734026662693,53,,,,
1734026662701,149,,,
1734026662709,,,149,
1734026662710,,149,,
1734026663693,53,,,,
1734026663701,149,,,
1734026663709,,,149,
1734026663710,,149,,
1734026664693,53,,,,
1734026664701,149,,,
1734026664709,,,149,
1734026664710,,149,,
1734026665693,53,,,,
1734026665701,149,,,
1734026665709,,,149,
1734026665710,,149,,
1734026666693,53,,,,
1734026666701,149,,,
1734026666709,,,149,
1734026666710,,149,,
1734026667693,53,,,,
1734026667701,149,,,
1734026667710,,149,150,
1734026668693,53,,,,
1734026668701,149,,,
1734026668710,,149,149,
1734026669693,53,,,,
1734026669701,149,,,
1734026669709,,,149,
1734026669710,,149,,
1734026670693,53,,,,
1734026670701,149,,,
1734026670709,,,149,
1734026670710,,149,,
1734026671693,53,,,,
1734026671701,149,,,
1734026671709,,,149,
1734026671710,,149,,
1734026672693,53,,,,
1734026672701,149,,,
1734026672709,,,149,
1734026672710,,149,,
1734026673693,53,,,,
1734026673701,149,,,
1734026673709,,,149,
1734026673710,,149,,
1734026674693,53,,,,
1734026674701,149,,,
1734026674709,,,149,
1734026674710,,149,,
1734026675693,53,,,,
1734026675701,149,,,
1734026675709,,,149,
1734026675710,,149,,
1734026676693,53,,,,
1734026676701,149,,,
1734026676709,,,149,
1734026676710,,149,,
1734026677693,53,,,,
1734026677701,149,,,
1734026677709,,,149,
1734026677710,,149,,
1734026678693,53,,,,
1734026678701,149,,,
1734026678709,,,149,
1734026678710,,149,,
1734026679693,53,,,,
1734026679701,149,,,
1734026679710,,149,149,
1734026680693,53,,,,
1734026680701,149,,,
1734026680710,,149,149,
1734026681693,53,,,,
1734026681701,149,,,
1734026681709,,,149,
1734026681710,,149,,
1734026682693,53,,,,
1734026682701,149,,,
1734026682709,,,149,
1734026682710,,149,,
1734026683693,53,,,,
1734026683701,149,,,
1734026683709,,,149,
1734026683710,,149,,
1734026684693,53,,,,
1734026684701,149,,,
1734026684710,,149,149,
1734026685693,53,,,,
1734026685701,149,,,
1734026685709,,,149,
1734026685710,,149,,
1734026686693,53,,,,
1734026686701,149,,,
1734026686709,,,149,
1734026686710,,149,,
1734026687693,53,,,,
1734026687701,149,,,
1734026687709,,,149,
1734026687710,,149,,
1734026688693,53,,,,
1734026688701,149,,,
1734026688709,,,149,
1734026688710,,149,,
1734026689693,53,,,,
1734026689701,149,,,
1734026689709,,,149,
1734026689710,,149,,
1734026690693,53,,,,
1734026690701,149,,,
1734026690709,,,149,
1734026690710,,149,,
1734026691693,53,,,,
1734026691701,149,,,
1734026691709,,,149,
1734026691710,,149,,
1734026692693,53,,,,
1734026692701,149,,,
1734026692709,,,149,
1734026692710,,149,,
1734026693693,53,,,,
1734026693701,149,,,
1734026693709,,,149,
1734026693710,,149,,
1734026694693,53,,,,
1734026694701,149,,,
1734026694709,,,149,
1734026694710,,149,,
1734026695693,53,,,,
1734026695701,149,,,
1734026695709,,,149,
1734026695710,,149,,
1734026696693,53,,,,
1734026696701,149,,,
1734026696709,,,149,
1734026696710,,149,,
1734026697693,53,,,,
1734026697701,149,,,
1734026697709,,,149,
1734026697710,,149,,
1734026698693,53,,,,
1734026698701,149,,,
1734026698709,,,149,
1734026698710,,149,,
1734026699693,53,,,,
1734026699701,149,,,
1734026699709,,,149,
1734026699710,,149,,
1734026700693,53,,,,
1734026700701,149,,,
1734026700710,,149,149,
1734026701693,53,,,,
1734026701701,149,,,
1734026701709,,,149,
1734026701710,,149,,
1734026702693,53,,,,
1734026702701,149,,,
1734026702709,,,149,
1734026702710,,149,,
1734026703693,53,,,,
1734026703701,149,,,
1734026703709,,,149,
1734026703710,,149,,
1734026704693,53,,,,
1734026704701,149,,,
1734026704709,,,149,
1734026704710,,149,,
1734026705693,53,,,,
1734026705701,149,,,
1734026705709,,,149,
1734026705710,,149,,
1734026706693,53,,,,
1734026706701,149,,,
1734026706709,,,149,
1734026706710,,149,,
1734026707693,53,,,,
1734026707701,149,,,
1734026707709,,,149,
1734026707710,,149,,
1734026708693,53,,,,
1734026708701,149,,,
1734026708709,,,149,
1734026708710,,149,,
1734026709693,53,,,,
1734026709701,149,,,
1734026709709,,,149,
1734026709710,,149,,
1734026710693,53,,,,
1734026710701,149,,,
1734026710709,,,149,
1734026710710,,149,,
1734026711693,53,,,,
1734026711701,149,,,
1734026711709,,,149,
1734026711710,,149,,
1734026712693,53,,,,
1734026712701,149,,,
1734026712709,,,149,
1734026712710,,149,,
1734026713693,53,,,,
1734026713701,149,,,
1734026713709,,,149,
1734026713710,,149,,
1734026714693,53,,,,
1734026714701,149,,,
1734026714709,,,149,
1734026714710,,149,,
1734026715693,53,,,,
1734026715701,149,,,
1734026715709,,,149,
1734026715710,,149,,
1734026716693,53,,,,
1734026716701,149,,,
1734026716709,,,149,
1734026716710,,149,,
1734026717693,53,,,,
1734026717701,149,,,
1734026717709,,,149,
1734026717710,,149,,
1734026718693,53,,,,
1734026718701,149,,,
1734026718709,,,149,
1734026718710,,149,,
1734026719693,53,,,,
1734026719701,149,,,
1734026719709,,,149,
1734026719710,,149,,
1734026720693,53,,,,
1734026720701,149,,,
1734026720709,,,149,
1734026720710,,149,,
1734026721693,53,,,,
1734026721701,149,,,
1734026721709,,,149,
1734026721710,,149,,
1734026722693,53,,,,
1734026722701,149,,,
1734026722709,,,149,
1734026722710,,149,,
1734026723693,53,,,,
1734026723701,149,,,
1734026723709,,,149,
1734026723710,,149,,
1734026724693,53,,,,
1734026724701,149,,,
1734026724709,,,149,
1734026724710,,149,,
1734026725693,53,,,,
1734026725701,149,,,
1734026725709,,,149,
1734026725710,,149,,
1734026726693,53,,,,
1734026726701,149,,,
1734026726709,,,149,
1734026726710,,149,,
1734026727693,53,,,,
1734026727701,149,,,
1734026727709,,,149,
1734026727710,,149,,
1734026728693,53,,,,
1734026728701,149,,,
1734026728709,,,149,
1734026728711,,149,,
1734026729693,53,,,,
1734026729701,149,,,
1734026729709,,,149,
1734026729710,,149,,
1734026730693,53,,,,
1734026730701,149,,,
1734026730709,,,149,
1734026730711,,149,,
1734026731693,53,,,,
1734026731701,149,,,
1734026731709,,,149,
1734026731710,,149,,
1734026732693,53,,,,
1734026732701,149,,,
1734026732709,,,149,
1734026732710,,149,,
1734026733693,53,,,,
1734026733701,149,,,
1734026733709,,,149,
1734026733710,,149,,
1734026734693,53,,,,
1734026734701,149,,,
1734026734709,,,149,
1734026734711,,149,,
1734026735693,53,,,,
1734026735701,149,,,
1734026735709,,,149,
1734026735710,,149,,
1734026736693,53,,,,
1734026736701,149,,,
1734026736709,,,149,
1734026736710,,149,,
1734026737693,53,,,,
1734026737701,149,,,
1734026737709,,,149,
1734026737710,,149,,
1734026738693,53,,,,
1734026738701,149,,,
1734026738709,,,149,
1734026738710,,149,,
1734026739693,53,,,,
1734026739701,149,,,
1734026739709,,,149,
1734026739710,,149,,
1734026740693,53,,,,
1734026740701,149,,,
1734026740709,,,149,
1734026740710,,149,,
1734026741693,53,,,,
1734026741701,149,,,
1734026741709,,,149,
1734026741710,,149,,
1734026742693,53,,,,
1734026742701,149,,,
1734026742709,,,149,
1734026742710,,149,,
1734026743693,53,,,,
1734026743701,149,,,
1734026743709,,,149,
1734026743711,,149,,
1734026744693,53,,,,
1734026744701,149,,,
1734026744709,,,149,
1734026744711,,149,,
1734026745693,53,,,,
1734026745701,149,,,
1734026745709,,,149,
1734026745710,,149,,
1734026746693,53,,,,
1734026746701,149,,,
1734026746709,,,149,
1734026746710,,149,,
1734026747693,53,,,,
1734026747701,149,,,
1734026747709,,,149,
1734026747710,,149,,
1734026748693,53,,,,
1734026748701,149,,,
1734026748709,,,149,
1734026748710,,149,,
1734026749693,53,,,,
1734026749701,149,,,
1734026749709,,,149,
1734026749710,,149,,
1734026750693,53,,,,
1734026750701,149,,,
1734026750709,,,149,
1734026750710,,149,,
1734026751693,53,,,,
1734026751701,149,,,
1734026751709,,,149,
1734026751710,,149,,
1734026752693,53,,,,
1734026752701,149,,,
1734026752709,,,149,
1734026752710,,149,,
1734026753693,53,,,,
1734026753701,149,,,
1734026753709,,,149,
1734026753710,,149,,
1734026754693,53,,,,
1734026754701,149,,,
1734026754709,,,149,
1734026754710,,149,,
1734026755693,53,,,,
1734026755701,149,,,
1734026755709,,,149,
1734026755710,,149,,
1734026756693,53,,,,
1734026756701,149,,,
1734026756709,,,149,
1734026756710,,149,,
1734026757693,53,,,,
1734026757701,149,,,
1734026757709,,,149,
1734026757710,,149,,
1734026758693,53,,,,
1734026758701,149,,,
1734026758709,,,149,
1734026758710,,149,,
1734026759693,53,,,,
1734026759701,149,,,
1734026759709,,,149,
1734026759710,,149,,
1734026760693,53,,,,
1734026760701,149,,,
1734026760709,,,149,
1734026760710,,149,,
1734026761693,53,,,,
1734026761701,149,,,
1734026761709,,,149,
1734026761710,,149,,
1734026762693,53,,,,
1734026762701,149,,,
1734026762709,,,149,
1734026762710,,149,,
1734026763693,53,,,,
1734026763701,149,,,
1734026763709,,,149,
1734026763710,,149,,
1734026764693,53,,,,
1734026764701,149,,,
1734026764709,,,149,
1734026764710,,149,,
1734026765693,53,,,,
1734026765701,149,,,
1734026765709,,,149,
1734026765710,,149,,
1734026766693,53,,,,
1734026766701,149,,,
1734026766709,,,149,
1734026766710,,149,,
1734026767693,53,,,,
1734026767701,149,,,
1734026767709,,,149,
1734026767710,,149,,
1734026768693,53,,,,
1734026768701,149,,,
1734026768709,,,149,
1734026768710,,149,,
1734026769693,53,,,,
1734026769701,149,,,
1734026769709,,,149,
1734026769710,,149,,
1734026770693,53,,,,
1734026770701,149,,,
1734026770710,,149,149,
1734026771693,53,,,,
1734026771701,149,,,
1734026771709,,,149,
1734026771710,,149,,
1734026772693,53,,,,
1734026772701,149,,,
1734026772709,,,149,
1734026772710,,149,,
1734026773693,53,,,,
1734026773701,149,,,
1734026773709,,,149,
1734026773710,,149,,
1734026774693,53,,,,
1734026774701,149,,,
1734026774709,,,149,
1734026774710,,149,,
1734026775693,53,,,,
1734026775701,149,,,
1734026775709,,,149,
1734026775710,,149,,
1734026776693,53,,,,
1734026776701,149,,,
1734026776709,,,149,
1734026776710,,149,,
1734026777693,53,,,,
1734026777701,149,,,
1734026777709,,,149,
1734026777710,,149,,
1734026778693,53,,,,
1734026778701,149,,,
1734026778709,,,149,
1734026778710,,149,,
1734026779693,53,,,,
1734026779701,149,,,
1734026779710,,,149,
1734026779712,,149,,
1734026780693,53,,,,
1734026780701,149,,,
1734026780709,,,149,
1734026780710,,149,,
1734026781693,53,,,,
1734026781701,149,,,
1734026781709,,,149,
1734026781710,,149,,
1734026782693,53,,,,
1734026782701,149,,,
1734026782709,,,149,
1734026782710,,149,,
1734026783693,53,,,,
1734026783701,149,,,
1734026783709,,,149,
1734026783710,,149,,
1734026784693,53,,,,
1734026784701,149,,,
1734026784709,,,149,
1734026784710,,149,,
1734026785693,53,,,,
1734026785701,149,,,
1734026785709,,,149,
1734026785710,,149,,
1734026786693,53,,,,
1734026786701,149,,,
1734026786709,,,149,
1734026786710,,149,,
1734026787693,53,,,,
1734026787701,149,,,
1734026787709,,,149,
1734026787710,,149,,
1734026788693,53,,,,
1734026788701,149,,,
1734026788709,,,149,
1734026788710,,149,,
1734026789693,53,,,,
1734026789701,149,,,
1734026789709,,,149,
1734026789710,,149,,
1734026790693,53,,,,
1734026790701,149,,,
1734026790709,,,149,
1734026790710,,149,,
1734026791693,53,,,,
1734026791701,149,,,
1734026791709,,,149,
1734026791710,,149,,
1734026792693,53,,,,
1734026792701,149,,,
1734026792709,,,149,
1734026792710,,149,,
1734026793693,53,,,,
1734026793701,149,,,
1734026793709,,,149,
1734026793710,,149,,
1734026794693,53,,,,
1734026794701,149,,,
1734026794709,,,149,
1734026794711,,149,,
1734026795693,53,,,,
1734026795701,149,,,
1734026795710,,149,149,
1734026796693,53,,,,
1734026796701,149,,,
1734026796709,,,149,
1734026796710,,149,,
1734026797693,53,,,,
1734026797701,149,,,
1734026797709,,,149,
1734026797710,,149,,
1734026798693,53,,,,
1734026798701,149,,,
1734026798709,,,149,
1734026798710,,149,,
1734026799693,53,,,,
1734026799701,149,,,
1734026799709,,,149,
1734026799710,,149,,
1734026800693,53,,,,
1734026800701,149,,,
1734026800709,,,149,
1734026800710,,149,,
1734026801694,53,,,,
1734026801702,149,,,
1734026801709,,,149,
1734026801710,,149,,
1734026802698,53,,,,
1734026802702,149,,,
1734026802709,,,149,
1734026802710,,149,,
1734026803693,53,,,,
1734026803701,149,,,
1734026803709,,,149,
1734026803710,,149,,
1734026804693,53,,,,
1734026804701,149,,,
1734026804709,,,149,
1734026804710,,149,,
1734026805693,53,,,,
1734026805701,149,,,
1734026805709,,,149,
1734026805710,,149,,
1734026806693,53,,,,
1734026806701,149,,,
1734026806709,,,149,
1734026806710,,149,,
1734026807693,53,,,,
1734026807701,149,,,
1734026807709,,,149,
1734026807710,,149,,
1734026808693,53,,,,
1734026808701,149,,,
1734026808709,,,149,
1734026808710,,149,,
1734026809693,53,,,,
1734026809701,149,,,
1734026809709,,,149,
1734026809710,,149,,
1734026810693,53,,,,
1734026810701,149,,,
1734026810709,,,149,
1734026810710,,149,,
1734026811693,53,,,,
1734026811701,149,,,
1734026811709,,,149,
1734026811710,,149,,
1734026812693,53,,,,
1734026812701,149,,,
1734026812710,,149,149,
1734026813693,53,,,,
1734026813701,149,,,
1734026813709,,,149,
1734026813710,,149,,
1734026814693,53,,,,
1734026814701,149,,,
1734026814709,,,149,
1734026814710,,149,,
1734026815692,53,,,,
1734026815701,149,,,
1734026815709,,,149,
1734026815710,,149,,
1734026816693,53,,,,
1734026816701,149,,,
1734026816709,,,149,
1734026816710,,149,,
1734026817692,53,,,,
1734026817701,149,,,
1734026817709,,,149,
1734026817710,,149,,
1734026818693,53,,,,
1734026818701,149,,,
1734026818709,,,149,
1734026818710,,149,,
1734026819693,53,,,,
1734026819701,149,,,
1734026819709,,,149,
1734026819710,,149,,
1734026820693,53,,,,
1734026820701,149,,,
1734026820709,,,149,
1734026820710,,149,,
1734026821693,53,,,,
1734026821701,149,,,
1734026821709,,,149,
1734026821710,,149,,
1734026822693,53,,,,
1734026822701,149,,,
1734026822709,,,149,
1734026822710,,149,,
1734026823693,53,,,,
1734026823701,149,,,
1734026823709,,,149,
1734026823710,,149,,
1734026824693,53,,,,
1734026824701,149,,,
1734026824709,,,149,
1734026824710,,149,,
1734026825693,53,,,,
1734026825701,149,,,
1734026825709,,,149,
1734026825710,,149,,
1734026826693,53,,,,
1734026826701,149,,,
1734026826709,,,149,
1734026826710,,149,,
1734026827693,53,,,,
1734026827701,149,,,
1734026827709,,,149,
1734026827710,,149,,
1734026828693,53,,,,
1734026828701,149,,,
1734026828709,,,149,
1734026828710,,149,,
1734026829693,53,,,,
1734026829701,149,,,
1734026829709,,,149,
1734026829710,,149,,
1734026830693,53,,,,
1734026830701,149,,,
1734026830709,,,149,
1734026830710,,149,,
1734026831693,53,,,,
1734026831701,149,,,
1734026831709,,,149,
1734026831710,,149,,
1734026832693,53,,,,
1734026832701,149,,,
1734026832709,,,149,
1734026832710,,149,,
1734026833693,53,,,,
1734026833701,149,,,
1734026833709,,,149,
1734026833710,,149,,
1734026834693,53,,,,
1734026834701,149,,,
1734026834709,,,149,
1734026834710,,149,,
1734026835693,53,,,,
1734026835701,149,,,
1734026835709,,,149,
1734026835710,,149,,
1734026836693,53,,,,
1734026836701,149,,,
1734026836709,,,149,
1734026836710,,149,,
1734026837693,53,,,,
1734026837701,149,,,
1734026837709,,,149,
1734026837710,,149,,
1734026838693,53,,,,
1734026838701,149,,,
1734026838709,,,149,
1734026838710,,149,,
1734026839693,53,,,,
1734026839701,149,,,
1734026839709,,,149,
1734026839710,,149,,
1734026840693,53,,,,
1734026840701,149,,,
1734026840709,,,149,
1734026840710,,149,,
1734026841693,53,,,,
1734026841701,149,,,
1734026841709,,,149,
1734026841710,,149,,
1734026842693,53,,,,
1734026842701,149,,,
1734026842709,,,149,
1734026842710,,149,,
1734026843693,53,,,,
1734026843701,149,,,
1734026843709,,,149,
1734026843710,,149,,
1734026844693,53,,,,
1734026844701,149,,,
1734026844709,,,149,
1734026844710,,149,,
1734026845693,53,,,,
1734026845701,149,,,
1734026845709,,,149,
1734026845710,,149,,
1734026846693,53,,,,
1734026846701,149,,,
1734026846709,,,149,
1734026846710,,149,,
1734026847693,53,,,,
1734026847701,149,,,
1734026847709,,,149,
1734026847710,,149,,
1734026848693,53,,,,
1734026848701,149,,,
1734026848709,,,149,
1734026848710,,149,,
1734026849693,53,,,,
1734026849701,149,,,
1734026849709,,,149,
1734026849710,,149,,
1734026850693,53,,,,
1734026850701,149,,,
1734026850710,,149,,
1734026850711,,,149,
1734026851693,53,,,,
1734026851701,149,,,
1734026851709,,,149,
1734026851710,,149,,
1734026852693,53,,,,
1734026852701,149,,,
1734026852709,,,149,
1734026852710,,149,,
1734026853693,53,,,,
1734026853701,149,,,
1734026853709,,,149,
1734026853710,,149,,
1734026854693,53,,,,
1734026854701,149,,,
1734026854709,,,149,
1734026854710,,149,,
1734026855693,53,,,,
1734026855701,149,,,
1734026855709,,,149,
1734026855710,,149,,
1734026856693,53,,,,
1734026856701,149,,,
1734026856709,,,149,
1734026856710,,149,,
1734026857693,53,,,,
1734026857701,149,,,
1734026857709,,,149,
1734026857710,,149,,
1734026858693,53,,,,
1734026858701,149,,,
1734026858709,,,149,
1734026858710,,149,,
1734026859693,53,,,,
1734026859701,149,,,
1734026859709,,,149,
1734026859710,,149,,
1734026860693,53,,,,
1734026860701,149,,,
1734026860709,,,149,
1734026860710,,149,,
1734026861693,53,,,,
1734026861701,149,,,
1734026861709,,,149,
1734026861710,,149,,
1734026862692,53,,,,
1734026862701,149,,,
1734026862709,,,149,
1734026862710,,149,,
1734026863693,53,,,,
1734026863701,149,,,
1734026863709,,,149,
1734026863710,,149,,
1734026864693,53,,,,
1734026864701,149,,,
1734026864709,,,149,
1734026864710,,149,,
1734026865693,53,,,,
1734026865701,149,,,
1734026865709,,,149,
1734026865710,,149,,
1734026866693,53,,,,
1734026866701,149,,,
1734026866709,,,149,
1734026866710,,149,,
1734026867693,53,,,,
1734026867701,149,,,
1734026867709,,,149,
1734026867710,,149,,
1734026868693,53,,,,
1734026868701,149,,,
1734026868709,,,149,
1734026868710,,149,,
1734026869693,53,,,,
1734026869701,149,,,
1734026869709,,,149,
1734026869710,,149,,
1734026870693,53,,,,
1734026870701,149,,,
1734026870709,,,149,
1734026870710,,149,,
1734026871693,53,,,,
1734026871701,149,,,
1734026871709,,,149,
1734026871710,,149,,
1734026872693,53,,,,
1734026872701,149,,,
1734026872709,,,149,
1734026872710,,149,,
1734026873693,53,,,,
1734026873701,149,,,
1734026873709,,,149,
1734026873710,,149,,
1734026874693,53,,,,
1734026874701,149,,,
1734026874709,,,149,
1734026874710,,149,,
1734026875693,53,,,,
1734026875701,149,,,
1734026875709,,,149,
1734026875710,,149,,
1734026876693,53,,,,
1734026876701,149,,,
1734026876709,,,149,
1734026876710,,149,,
1734026877693,53,,,,
1734026877701,149,,,
1734026877709,,,149,
1734026877710,,149,,
1734026878693,53,,,,
1734026878701,149,,,
1734026878709,,,149,
1734026878710,,149,,
1734026879693,53,,,,
1734026879701,149,,,
1734026879709,,,149,
1734026879710,,149,,
1734026880693,53,,,,
1734026880701,149,,,
1734026880709,,,149,
1734026880710,,149,,
1734026881693,53,,,,
1734026881701,149,,,
1734026881709,,,149,
1734026881710,,149,,
1734026882693,53,,,,
1734026882701,149,,,
1734026882709,,,149,
1734026882710,,149,,
1734026883693,53,,,,
1734026883701,149,,,
1734026883709,,,149,
1734026883710,,149,,
1734026884693,53,,,,
1734026884701,149,,,
1734026884709,,,149,
1734026884710,,149,,
1734026885693,53,,,,
1734026885701,149,,,
1734026885709,,149,149,
1734026886693,53,,,,
1734026886701,149,,,
1734026886709,,,149,
1734026886710,,149,,
1734026887693,53,,,,
1734026887701,149,,,
1734026887709,,,149,
1734026887710,,149,,
1734026888693,53,,,,
1734026888701,149,,,
1734026888709,,,149,
1734026888710,,149,,
1734026889693,53,,,,
1734026889701,149,,,
1734026889709,,,149,
1734026889710,,149,,
1734026890693,53,,,,
1734026890701,149,,,
1734026890709,,,149,
1734026890710,,149,,
1734026891693,53,,,,
1734026891701,149,,,
1734026891709,,,149,
1734026891710,,149,,
1734026892693,53,,,,
1734026892701,149,,,
1734026892709,,,149,
1734026892710,,149,,
1734026893693,53,,,,
1734026893701,149,,,
1734026893709,,,149,
1734026893710,,149,,
1734026894693,53,,,,
1734026894701,149,,,
1734026894709,,,149,
1734026894710,,149,,
1734026895693,53,,,,
1734026895701,149,,,
1734026895709,,,149,
1734026895710,,149,,
1734026896693,53,,,,
1734026896701,149,,,
1734026896709,,,149,
1734026896710,,149,,
1734026897693,53,,,,
1734026897701,149,,,
1734026897709,,,149,
1734026897710,,149,,
1734026898693,53,,,,
1734026898701,149,,,
1734026898709,,,149,
1734026898710,,149,,
1734026899693,53,,,,
1734026899701,149,,,
1734026899709,,,149,
1734026899710,,149,,
1734026900693,53,,,,
1734026900701,149,,,
1734026900709,,,149,
1734026900710,,149,,
1734026901693,53,,,,
1734026901701,149,,,
1734026901709,,,149,
1734026901710,,149,,
1734026902693,53,,,,
1734026902701,149,,,
1734026902709,,,149,
1734026902710,,149,,
1734026903693,53,,,,
1734026903701,149,,,
1734026903709,,,149,
1734026903710,,149,,
1734026904693,53,,,,
1734026904701,149,,,
1734026904709,,,149,
1734026904710,,149,,
1734026905693,53,,,,
1734026905701,149,,,
1734026905709,,,149,
1734026905710,,149,,
1734026906693,53,,,,
1734026906701,149,,,
1734026906709,,,149,
1734026906710,,149,,
1734026907693,53,,,,
1734026907701,149,,,
1734026907709,,,149,
1734026907710,,149,,
1734026908693,53,,,,
1734026908701,149,,,
1734026908709,,,149,
1734026908710,,149,,
1734026909693,53,,,,
1734026909701,149,,,
1734026909709,,,149,
1734026909710,,149,,
1734026910693,53,,,,
1734026910701,149,,,
1734026910709,,,149,
1734026910710,,149,,
1734026911693,53,,,,
1734026911701,149,,,
1734026911709,,,149,
1734026911710,,149,,
1734026912693,53,,,,
1734026912701,149,,,
1734026912709,,,149,
1734026912710,,149,,
1734026913693,53,,,,
1734026913701,149,,,
1734026913709,,,149,
1734026913711,,149,,
1734026914693,53,,,,
1734026914701,149,,,
1734026914709,,,149,
1734026914710,,149,,
1734026915693,53,,,,
1734026915701,149,,,
1734026915709,,,149,
1734026915710,,149,,
1734026916693,53,,,,
1734026916701,149,,,
1734026916709,,,149,
1734026916710,,149,,
1734026917693,53,,,,
1734026917701,149,,,
1734026917709,,,149,
1734026917710,,149,,
1734026918693,53,,,,
1734026918701,149,,,
1734026918709,,,149,
1734026918712,,149,,
1734026919693,53,,,,
1734026919701,149,,,
1734026919709,,,149,
1734026919710,,149,,
1734026920693,53,,,,
1734026920701,149,,,
1734026920709,,,149,
1734026920710,,149,,
1734026921693,53,,,,
1734026921701,149,,,
1734026921709,,,149,
1734026921710,,149,,
1734026922694,53,,,,
1734026922702,149,,,
1734026922709,,,149,
1734026922710,,149,,
1734026923693,53,,,,
1734026923701,149,,,
1734026923709,,,149,
1734026923710,,149,,
1734026924693,53,,,,
1734026924701,149,,,
1734026924709,,,149,
1734026924710,,149,,
1734026925693,53,,,,
1734026925701,149,,,
1734026925709,,,149,
1734026925710,,149,,
1734026926693,53,,,,
1734026926701,149,,,
1734026926709,,,149,
1734026926710,,149,,
1734026927693,53,,,,
1734026927701,149,,,
1734026927709,,,149,
1734026927710,,149,,
1734026928693,53,,,,
1734026928701,149,,,
1734026928709,,,149,
1734026928710,,149,,
1734026929693,53,,,,
1734026929701,149,,,
1734026929709,,,149,
1734026929710,,149,,
1734026930693,53,,,,
1734026930701,149,,,
1734026930709,,,149,
1734026930710,,149,,
1734026931693,53,,,,
1734026931701,149,,,
1734026931709,,,149,
1734026931710,,149,,
1734026932693,53,,,,
1734026932701,149,,,
1734026932709,,,149,
1734026932710,,149,,
1734026933693,53,,,,
1734026933701,149,,,
1734026933709,,,149,
1734026933710,,149,,
1734026934693,53,,,,
1734026934701,149,,,
1734026934709,,,149,
1734026934710,,149,,
1734026935693,53,,,,
1734026935701,149,,,
1734026935709,,,149,
1734026935710,,149,,
1734026936693,53,,,,
1734026936701,149,,,
1734026936709,,,149,
1734026936710,,149,,
1734026937693,53,,,,
1734026937701,149,,,
1734026937709,,,149,
1734026937710,,149,,
1734026938693,53,,,,
1734026938701,149,,,
1734026938709,,,149,
1734026938710,,149,,
1734026939693,53,,,,
1734026939701,149,,,
1734026939709,,,149,
1734026939710,,149,,
1734026940693,53,,,,
1734026940701,149,,,
1734026940709,,,149,
1734026940710,,149,,
1734026941693,53,,,,
1734026941701,149,,,
1734026941709,,,149,
1734026941710,,149,,
1734026942693,53,,,,
1734026942701,149,,,
1734026942709,,,149,
1734026942710,,149,,
1734026943693,53,,,,
1734026943701,149,,,
1734026943709,,,149,
1734026943710,,149,,
1734026944693,53,,,,
1734026944701,149,,,
1734026944709,,,149,
1734026944710,,149,,
1734026945693,53,,,,
1734026945701,149,,,
1734026945709,,149,149,
1734026946693,53,,,,
1734026946701,149,,,
1734026946709,,,149,
1734026946710,,149,,
1734026947693,53,,,,
1734026947701,149,,,
1734026947709,,,149,
1734026947710,,149,,
1734026948693,53,,,,
1734026948701,149,,,
1734026948709,,,149,
1734026948710,,149,,
1734026949693,53,,,,
1734026949701,149,,,
1734026949709,,,149,
1734026949710,,149,,
1734026950693,53,,,,
1734026950701,149,,,
1734026950709,,,149,
1734026950710,,149,,
1734026951693,53,,,,
1734026951701,149,,,
1734026951709,,,149,
1734026951710,,149,,
1734026952693,53,,,,
1734026952701,149,,,
1734026952709,,,149,
1734026952710,,149,,
1734026953693,53,,,,
1734026953701,149,,,
1734026953709,,,149,
1734026953710,,149,,
1734026954693,53,,,,
1734026954701,149,,,
1734026954709,,,149,
1734026954710,,149,,
1734026955693,53,,,,
1734026955701,149,,,
1734026955709,,,149,
1734026955710,,149,,
1734026956693,53,,,,
1734026956701,149,,,
1734026956709,,,149,
1734026956710,,149,,
1734026957693,53,,,,
1734026957701,149,,,
1734026957709,,,149,
1734026957710,,149,,
1734026958693,53,,,,
1734026958701,149,,,
1734026958709,,,149,
1734026958710,,149,,
1734026959693,53,,,,
1734026959701,149,,,
1734026959709,,,149,
1734026959710,,149,,
1734026960693,53,,,,
1734026960701,149,,,
1734026960709,,,149,
1734026960710,,149,,
1734026961693,53,,,,
1734026961701,149,,,
1734026961709,,149,149,
1734026962693,53,,,,
1734026962701,149,,,
1734026962709,,,149,
1734026962710,,149,,
1734026963693,53,,,,
1734026963701,149,,,
1734026963709,,,149,
1734026963710,,149,,
1734026964693,53,,,,
1734026964701,149,,,
1734026964709,,,149,
1734026964710,,149,,
1734026965693,53,,,,
1734026965701,149,,,
1734026965709,,,149,
1734026965710,,149,,
1734026966693,53,,,,
1734026966701,149,,,
1734026966709,,,149,
1734026966710,,149,,
1734026967693,53,,,,
1734026967701,149,,,
1734026967709,,,149,
1734026967710,,149,,
1734026968693,53,,,,
1734026968701,149,,,
1734026968709,,,149,
1734026968710,,149,,
1734026969693,53,,,,
1734026969701,149,,,
1734026969709,,,149,
1734026969710,,149,,
1734026970693,53,,,,
1734026970701,149,,,
1734026970709,,,149,
1734026970710,,149,,
1734026971693,53,,,,
1734026971701,149,,,
1734026971709,,,149,
1734026971710,,149,,
1734026972693,53,,,,
1734026972701,149,,,
1734026972709,,,149,
1734026972710,,149,,
1734026973693,53,,,,
1734026973701,149,,,
1734026973709,,,149,
1734026973710,,149,,
1734026974693,53,,,,
1734026974701,149,,,
1734026974709,,,149,
1734026974710,,149,,
1734026975693,53,,,,
1734026975701,149,,,
1734026975709,,,149,
1734026975710,,149,,
1734026976693,53,,,,
1734026976701,149,,,
1734026976709,,,149,
1734026976710,,149,,
1734026977693,53,,,,
1734026977701,149,,,
1734026977709,,,149,
1734026977710,,149,,
1734026978693,53,,,,
1734026978701,149,,,
1734026978709,,,149,
1734026978711,,149,,
1734026979693,53,,,,
1734026979701,149,,,
1734026979709,,,149,
1734026979710,,149,,
1734026980693,53,,,,
1734026980701,149,,,
1734026980709,,,149,
1734026980710,,149,,
1734026981693,53,,,,
1734026981701,149,,,
1734026981709,,,149,
1734026981710,,149,,
1734026982693,53,,,,
1734026982701,149,,,
1734026982709,,,149,
1734026982710,,149,,
1734026983693,53,,,,
1734026983701,149,,,
1734026983709,,,149,
1734026983710,,149,,
1734026984693,53,,,,
1734026984701,149,,,
1734026984709,,,149,
1734026984710,,149,,
1734026985693,53,,,,
1734026985701,149,,,
1734026985709,,,149,
1734026985710,,149,,
1734026986693,53,,,,
1734026986701,149,,,
1734026986709,,,149,
1734026986710,,149,,
1734026987693,53,,,,
1734026987701,149,,,
1734026987709,,,149,
1734026987710,,149,,
1734026988693,53,,,,
1734026988701,149,,,
1734026988709,,,149,
1734026988710,,149,,
1734026989693,53,,,,
1734026989701,149,,,
1734026989709,,,149,
1734026989710,,149,,
1734026990693,53,,,,
1734026990701,149,,,
1734026990709,,,149,
1734026990710,,149,,
1734026991693,53,,,,
1734026991701,149,,,
1734026991709,,,149,
1734026991710,,149,,
1734026992693,53,,,,
1734026992701,149,,,
1734026992709,,,149,
1734026992710,,149,,
1734026993693,53,,,,
1734026993701,149,,,
1734026993709,,,149,
1734026993710,,149,,
1734026994693,53,,,,
1734026994701,149,,,
1734026994709,,,149,
1734026994710,,149,,
1734026995693,53,,,,
1734026995701,149,,,
1734026995709,,,149,
1734026995710,,149,,
1734026996693,53,,,,
1734026996701,149,,,
1734026996709,,,149,
1734026996710,,149,,
1734026997693,53,,,,
1734026997701,149,,,
1734026997713,,149,,
1734026997720,,,149,
1734026998693,53,,,,
1734026998701,149,,,
1734026998709,,,149,
1734026998710,,149,,
1734026999693,53,,,,
1734026999701,149,,,
1734026999709,,,149,
1734026999710,,149,,
1734027000692,53,,,,
1734027000701,149,,,
1734027000709,,,149,
1734027000710,,149,,
1734027001692,53,,,,
1734027001701,149,,,
1734027001709,,,149,
1734027001710,,149,,
1734027002693,53,,,,
1734027002701,149,,,
1734027002709,,,149,
1734027002710,,149,,
1734027003693,53,,,,
1734027003701,149,,,
1734027003709,,,149,
1734027003710,,149,,
1734027004693,53,,,,
1734027004701,149,,,
1734027004709,,,149,
1734027004710,,149,,
1734027005693,53,,,,
1734027005701,149,,,
1734027005709,,,149,
1734027005710,,149,,
1734027006693,53,,,,
1734027006701,149,,,
1734027006709,,149,149,
1734027007693,53,,,,
1734027007701,149,,,
1734027007709,,,149,
1734027007710,,149,,
1734027008693,53,,,,
1734027008701,149,,,
1734027008709,,,149,
1734027008710,,149,,
1734027009693,53,,,,
1734027009701,149,,,
1734027009709,,,149,
1734027009710,,149,,
1734027010693,53,,,,
1734027010701,149,,,
1734027010709,,,149,
1734027010710,,149,,
1734027011693,53,,,,
1734027011701,149,,,
1734027011709,,,149,
1734027011710,,149,,
1734027012693,53,,,,
1734027012701,149,,,
1734027012709,,,149,
1734027012710,,149,,
1734027013693,53,,,,
1734027013701,149,,,
1734027013709,,,149,
1734027013710,,149,,
1734027014693,53,,,,
1734027014701,149,,,
1734027014709,,,149,
1734027014710,,149,,
1734027015693,53,,,,
1734027015701,149,,,
1734027015709,,,149,
1734027015710,,149,,
1734027016693,53,,,,
1734027016701,149,,,
1734027016709,,149,149,
1734027017693,53,,,,
1734027017701,149,,,
1734027017709,,,149,
1734027017710,,149,,
1734027018693,53,,,,
1734027018701,149,,,
1734027018709,,,149,
1734027018710,,149,,
1734027019693,53,,,,
1734027019701,149,,,
1734027019709,,149,149,
1734027020692,53,,,,
1734027020701,149,,,
1734027020709,,149,149,
1734027021693,53,,,,
1734027021701,149,,,
1734027021709,,149,149,
1734027022693,53,,,,
1734027022701,149,,,
1734027022709,,149,149,
1734027023693,53,,,,
1734027023701,149,,,
1734027023709,,,149,
1734027023710,,149,,
1734027024693,53,,,,
1734027024701,149,,,
1734027024709,,,149,
1734027024710,,149,,
1734027025693,53,,,,
1734027025701,149,,,
1734027025709,,,149,
1734027025710,,149,,
1734027026693,53,,,,
1734027026701,149,,,
1734027026709,,149,149,
1734027027693,53,,,,
1734027027701,149,,,
1734027027709,,149,149,
1734027028693,53,,,,
1734027028701,149,,,
1734027028709,,,149,
1734027028710,,149,,
1734027029693,53,,,,
1734027029701,149,,,
1734027029709,,,149,
1734027029710,,149,,
1734027030693,53,,,,
1734027030701,149,,,
1734027030709,,,149,
1734027030710,,149,,
1734027031693,53,,,,
1734027031701,149,,,
1734027031709,,,149,
1734027031710,,149,,
1734027032693,53,,,,
1734027032701,149,,,
1734027032709,,,149,
1734027032710,,149,,
1734027033693,53,,,,
1734027033701,149,,,
1734027033709,,149,149,
1734027034693,53,,,,
1734027034701,149,,,
1734027034709,,149,149,
1734027035692,53,,,,
1734027035701,149,,,
1734027035709,,149,149,
1734027036693,53,,,,
1734027036701,149,,,
1734027036709,,,149,
1734027036710,,149,,
1734027037693,53,,,,
1734027037701,149,,,
1734027037709,,,149,
1734027037710,,149,,
1734027038693,53,,,,
1734027038701,149,,,
1734027038709,,,149,
1734027038710,,149,,
1734027039692,53,,,,
1734027039701,149,,,
1734027039709,,149,149,
1734027040693,53,,,,
1734027040701,149,,,
1734027040709,,,149,
1734027040710,,149,,
1734027041693,53,,,,
1734027041701,149,,,
1734027041709,,,149,
1734027041710,,149,,
1734027042693,53,,,,
1734027042701,149,,,
1734027042709,,,149,
1734027042710,,149,,
1734027043693,53,,,,
1734027043701,149,,,
1734027043709,,149,149,
1734027044693,53,,,,
1734027044701,149,,,
1734027044709,,,149,
1734027044710,,149,,
1734027045693,53,,,,
1734027045701,149,,,
1734027045709,,,149,
1734027045710,,149,,
1734027046693,53,,,,
1734027046701,149,,,
1734027046709,,149,149,
1734027047693,53,,,,
1734027047701,149,,,
1734027047709,,,149,
1734027047710,,149,,
1734027048693,53,,,,
1734027048701,149,,,
1734027048709,,,149,
1734027048710,,149,,
1734027049693,53,,,,
1734027049701,149,,,
1734027049709,,149,149,
1734027050693,53,,,,
1734027050701,149,,,
1734027050709,,,149,
1734027050710,,149,,
1734027051693,53,,,,
1734027051701,149,,,
1734027051709,,,149,
1734027051710,,149,,
1734027052693,53,,,,
1734027052701,149,,,
1734027052709,,149,149,
1734027053693,53,,,,
1734027053701,149,,,
1734027053709,,149,149,
1734027054693,53,,,,
1734027054701,149,,,
1734027054709,,,149,
1734027054710,,149,,
1734027055693,53,,,,
1734027055701,149,,,
1734027055709,,,149,
1734027055710,,149,,
1734027056693,53,,,,
1734027056701,149,,,
1734027056710,,149,,
1734027056713,,,149,
1734027057693,53,,,,
1734027057701,149,,,
1734027057709,,,149,
1734027057710,,149,,
1734027058693,53,,,,
1734027058701,149,,,
1734027058709,,149,149,
1734027059693,53,,,,
1734027059701,149,,,
1734027059709,,149,149,
1734027060693,53,,,,
1734027060701,149,,,
1734027060709,,,149,
1734027060710,,149,,
1734027061693,53,,,,
1734027061701,149,,,
1734027061709,,,149,
1734027061710,,149,,
1734027062693,53,,,,
1734027062701,149,,,
1734027062709,,,149,
1734027062711,,149,,
1734027063693,53,,,,
1734027063701,149,,,
1734027063709,,,149,
1734027063710,,149,,
1734027064693,53,,,,
1734027064701,149,,,
1734027064709,,149,149,
1734027065693,53,,,,
1734027065701,149,,,
1734027065709,,,149,
1734027065710,,149,,
1734027066693,53,,,,
1734027066701,149,,,
1734027066709,,,149,
1734027066711,,149,,
1734027067693,53,,,,
1734027067701,149,,,
1734027067709,,,149,
1734027067710,,149,,
1734027068693,53,,,,
1734027068701,149,,,
1734027068709,,,149,
1734027068710,,149,,
1734027069693,53,,,,
1734027069701,149,,,
1734027069709,,,149,
1734027069710,,149,,
1734027070693,53,,,,
1734027070701,149,,,
1734027070709,,149,149,
1734027071693,53,,,,
1734027071701,149,,,
1734027071709,,,149,
1734027071710,,149,,
1734027072693,53,,,,
1734027072701,149,,,
1734027072709,,,149,
1734027072710,,149,,
1734027073693,53,,,,
1734027073701,149,,,
1734027073709,,,149,
1734027073710,,149,,
1734027074693,53,,,,
1734027074701,149,,,
1734027074709,,,149,
1734027074710,,149,,
1734027075693,53,,,,
1734027075701,149,,,
1734027075709,,,149,
1734027075710,,149,,
1734027076693,53,,,,
1734027076701,149,,,
1734027076709,,,149,
1734027076729,,149,,
1734027077693,53,,,,
1734027077701,149,,,
1734027077709,,,149,
1734027077710,,149,,
1734027078693,53,,,,
1734027078701,149,,,
1734027078709,,,149,
1734027078710,,149,,
1734027079693,53,,,,
1734027079701,149,,,
1734027079709,,,149,
1734027079710,,149,,
1734027080693,53,,,,
1734027080701,149,,,
1734027080709,,,149,
1734027080710,,149,,
1734027081693,53,,,,
1734027081701,149,,,
1734027081709,,,149,
1734027081710,,149,,
1734027082692,53,,,,
1734027082701,149,,,
1734027082709,,149,149,
1734027083693,53,,,,
1734027083701,149,,,
1734027083709,,,149,
1734027083710,,149,,
1734027084693,53,,,,
1734027084701,149,,,
1734027084709,,,149,
1734027084710,,149,,
1734027085693,53,,,,
1734027085701,149,,,
1734027085709,,149,149,
1734027086693,53,,,,
1734027086701,149,,,
1734027086709,,,149,
1734027086710,,149,,
1734027087693,53,,,,
1734027087701,149,,,
1734027087709,,,149,
1734027087710,,149,,
1734027088693,53,,,,
1734027088701,149,,,
1734027088709,,,149,
1734027088710,,149,,
1734027089693,53,,,,
1734027089701,149,,,
1734027089709,,,149,
1734027089710,,149,,
1734027090693,53,,,,
1734027090701,149,,,
1734027090709,,149,149,
1734027091693,53,,,,
1734027091701,149,,,
1734027091709,,,149,
1734027091710,,149,,
1734027092693,53,,,,
1734027092702,149,,,
1734027092710,,,149,
1734027092711,,149,,
1734027093693,53,,,,
1734027093701,149,,,
1734027093709,,,149,
1734027093710,,149,,
1734027094693,53,,,,
1734027094701,149,,,
1734027094709,,,149,
1734027094710,,149,,
1734027095693,53,,,,
1734027095701,149,,,
1734027095709,,149,149,
1734027096693,53,,,,
1734027096701,149,,,
1734027096709,,,149,
1734027096710,,149,,
1734027097693,53,,,,
1734027097701,149,,,
1734027097709,,149,149,
1734027098693,53,,,,
1734027098701,149,,,
1734027098709,,149,149,
1734027099693,53,,,,
1734027099701,149,,,
1734027099709,,,149,
1734027099710,,149,,
1734027100693,53,,,,
1734027100701,149,,,
1734027100709,,,149,
1734027100710,,149,,
1734027101693,53,,,,
1734027101701,149,,,
1734027101709,,,149,
1734027101710,,149,,
1734027102693,53,,,,
1734027102701,149,,,
1734027102709,,,149,
1734027102710,,149,,
1734027103693,53,,,,
1734027103701,149,,,
1734027103709,,,149,
1734027103710,,149,,
1734027104693,53,,,,
1734027104701,149,,,
1734027104709,,,149,
1734027104710,,149,,
1734027105531,0,,,
1734027105532,,,0,
1734027105533,,0,,
1734027105535,0,