Timestamp,Slave 0,Slave 1,Slave 2,
1674628062908,0,,,,
1674628062912,,,0,
1674628062914,,0,,
1674628062915,0,,,
1674628062923,1.5814777327935223E-5,,,,
1674628062927,,,0.0021865147971117664,
1674628062946,0.0010775862068965517,0.001394523326572008,,
1674628063909,0.0,,,,
1674628063915,,,0.001519756838905775,
1674628063917,,0.0010298661174047373,,
1674628063918,0.0,,,
1674628064909,0.0,,,,
1674628064913,,,0.0,
1674628064915,,0.0,,
1674628064916,0.0038827655310621242,,,
1674628065909,0.0,,,,
1674628065914,,,0.0,
1674628065916,0.0,,,
1674628065919,,0.0,,
1674628066911,0.0,,,,
1674628066914,,,0.0,
1674628066915,,0.0,,
1674628066916,0.0,,,
1674628067911,0.0,,,,
1674628067917,,0.0,,
1674628067919,0.0,,0.0,
1674628068910,0.0,,,,
1674628068913,,,0.0,
1674628068915,,0.0,,
1674628068916,0.0,,,
1674628069910,0.0,,,,
1674628069914,,,0.0,
1674628069916,,0.0023726273726273725,,
1674628069917,0.0023726273726273725,,,
1674628070909,0.0,,,,
1674628070914,,,0.00325,
1674628070915,,0.0,,
1674628070916,0.0,,,
1674628071910,0.0,,,,
1674628071914,,,0.0,
1674628071916,0.0,0.0,,
1674628072910,0.0,,,,
1674628072914,,,0.0,
1674628072915,,0.0,,
1674628072916,0.0025,,,
1674628073909,0.0,,,,
1674628073914,,,0.00225,
1674628073915,,0.002375,,
1674628073916,0.0,,,
1674628074909,0.0,,,,
1674628074913,,,0.0,
1674628074915,,0.0,,
1674628074916,0.001,,,
1674628075909,0.0,,,,
1674628075913,,,0.00125,
1674628075915,,0.001125,,
1674628075916,0.0,,,
1674628076909,0.0,,,,
1674628076913,,,0.001375,
1674628076915,,0.0,,
1674628076916,0.0015015015015015015,,,
1674628077911,0.0,,,,
1674628077915,,,0.0,
1674628077916,,0.0013722554890219561,,
1674628077918,0.0,,,
1674628078909,0.0,,,,
1674628078913,,,0.0,
1674628078915,,0.0,,
1674628078916,0.0,,,
1674628079912,3.7387836490528417E-4,,,,
1674628079914,,,0.0013736263736263737,
1674628079915,,0.0,,
1674628079917,0.0012487512487512488,,,
1674628080909,0.0,,,,
1674628080913,,,0.0,
1674628080915,,0.0015,,
1674628080916,0.0,,,
1674628081909,0.0,,,,
1674628081913,,,0.0,
1674628081915,,0.0,,
1674628081916,0.0,,,
1674628082909,0.0,,,,
1674628082913,,,0.001625,
1674628082915,,0.0,,
1674628082916,0.001625,,,
1674628083909,0.0,,,,
1674628083914,,,0.0,
1674628083915,,0.001625,,
1674628083916,0.0,,,
1674628084909,0.0,,,,
1674628084913,,,0.0,
1674628084914,,0.0,,
1674628084916,0.0,,,
1674628085909,0.0,,,,
1674628085913,,,0.00175,
1674628085914,,0.0,,
1674628085916,0.0,,,
1674628086909,0.0,,,,
1674628086913,,,0.0,
1674628086915,,0.0,,
1674628086916,0.0017482517482517483,,,
1674628087909,0.0,,,,
1674628087913,,,0.0,
1674628087915,,0.00175,,
1674628087916,0.0,,,
1674628088909,0.0,,,,
1674628088913,,,0.0,
1674628088914,,0.0,,
1674628088916,0.0,,,
1674628089909,0.0,,,,
1674628089913,,,0.002,
1674628089914,,0.0,,
1674628089916,0.0,,,
1674628090909,0.0,,,,
1674628090913,,,0.0,
1674628090914,,0.001875,,
1674628090916,0.002,,,
1674628091909,0.0,,,,
1674628091913,,,0.0,
1674628091914,,0.0,,
1674628091916,0.0,,,
1674628092909,0.0,,,,
1674628092913,,,0.0,
1674628092914,,0.0,,
1674628092917,0.0,,,
1674628093909,0.0,,,,
1674628093915,,0.0,0.0018712574850299401,
1674628093927,0.0021018793273986152,,,
1674628094909,0.0,,,,
1674628094913,,,0.0,
1674628094915,,0.001875,,
1674628094917,0.0,,,
1674628095909,0.0,,,,
1674628095913,,,0.0,
1674628095915,,0.0,,
1674628095916,0.0,,,
1674628096909,0.0,,,,
1674628096913,,,0.0,
1674628096915,,0.0,,
1674628096916,0.0,,,
1674628097909,0.0,,,,
1674628097913,,,0.002125,
1674628097914,,0.0,,
1674628097916,0.0018731268731268732,,,
1674628098909,0.0,,,,
1674628098913,,,0.0,
1674628098915,,0.001875,,
1674628098916,0.0,,,
1674628099909,0.0,,,,
1674628099913,,,0.0,
1674628099914,,0.0,,
1674628099916,0.0,,,
1674628100909,0.0,,,,
1674628100913,,,0.002,
1674628100914,,0.0,,
1674628100916,0.0,,,
1674628101909,0.0,,,,
1674628101913,,,0.0,
1674628101915,,0.0,,
1674628101916,0.001998001998001998,,,
1674628102909,0.0,,,,
1674628102913,,,0.0,
1674628102915,,0.001875,,
1674628102916,0.0,,,
1674628103909,0.0,,,,
1674628103913,,,0.0,
1674628103914,,0.0,,
1674628103916,0.0,,,
1674628104909,0.0,,,,
1674628104913,,,0.002,
1674628104914,,0.0,,
1674628104918,0.0,,,
1674628105909,0.0,,,,
1674628105913,,,0.0,
1674628105915,,0.0,,
1674628105916,0.001880641925777332,,,
1674628106909,0.0,,,,
1674628106913,,,0.0,
1674628106914,,0.001875,,
1674628106916,0.0,,,
1674628107909,0.0,,,,
1674628107913,,,0.0,
1674628107915,,0.0,,
1674628107917,0.0,,,
1674628108909,0.0,,,,
1674628108913,,,0.002,
1674628108914,,0.0,,
1674628108916,0.0,,,
1674628109909,0.0,,,,
1674628109913,,,0.0,
1674628109914,,0.0,,
1674628109916,0.0018731268731268732,,,
1674628110909,0.0,,,,
1674628110913,,,0.0,
1674628110914,,0.001875,,
1674628110916,0.0,,,
1674628111909,0.0,,,,
1674628111913,,,0.001875,
1674628111915,,0.0,,
1674628111916,0.0,,,
1674628112909,0.0,,,,
1674628112913,,,0.0,
1674628112914,,0.0,,
1674628112916,0.002,,,
1674628113909,0.0,,,,
1674628113913,,,0.0,
1674628113915,,0.00175,,
1674628113916,0.0,,,
1674628114909,0.0,,,,
1674628114913,,,0.0,
1674628114914,,0.0,,
1674628114916,0.0,,,
1674628115909,0.0,,,,
1674628115913,,,0.002,
1674628115915,,0.0,,
1674628115916,0.0,,,
1674628116909,0.0,,,,
1674628116913,,,0.0,
1674628116914,,0.0,,
1674628116916,0.001875,,,
1674628117909,0.0,,,,
1674628117913,,,0.0,
1674628117914,,0.001875,,
1674628117916,0.0,,,
1674628118909,0.0,,,,
1674628118913,,,0.0,
1674628118915,,0.0,,
1674628118916,0.0,,,
1674628119909,0.0,,,,
1674628119913,,,0.002125,
1674628119915,,0.0,,
1674628119916,0.0,,,
1674628120909,0.0,,,,
1674628120913,,,0.0,
1674628120915,,0.0,,
1674628120916,0.001875,,,
1674628121909,0.0,,,,
1674628121913,,,0.0,
1674628121914,,0.001875,,
1674628121916,0.0,,,
1674628122909,0.0,,,,
1674628122914,,0.0,0.001998001998001998,
1674628122916,0.0,,,
1674628123909,0.0,,,,
1674628123913,,,0.0,
1674628123914,,0.0,,
1674628123916,0.0,,,
1674628124909,0.0,,,,
1674628124913,,,0.0,
1674628124914,,0.0,,
1674628124916,0.00175,,,
1674628125909,0.0,,,,
1674628125913,,,0.0,
1674628125915,,0.001875,,
1674628125916,0.0,,,
1674628126909,0.0,,,,
1674628126913,,,0.002,
1674628126914,,0.0,,
1674628126916,0.0,,,
1674628127909,0.0,,,,
1674628127913,,,0.0,
1674628127914,,0.0,,
1674628127916,0.0,,,
1674628128909,0.0,,,,
1674628128913,,,0.0,
1674628128914,,0.0,,
1674628128916,0.001875,,,
1674628129909,0.0,,,,
1674628129913,,,0.0,
1674628129914,,0.001875,,
1674628129916,0.0,,,
1674628130909,0.0,,,,
1674628130913,,,0.005,
1674628130914,,0.0035,,
1674628130916,0.005,,,
1674628131909,0.0,,,,
1674628131913,,,0.0,
1674628131914,,0.0,,
1674628131916,0.0,,,
1674628132909,0.0,,,,
1674628132913,,,0.0,
1674628132915,,0.0,,
1674628132916,0.0,,,
1674628133909,0.0,,,,
1674628133913,,,0.0,
1674628133914,,0.0,,
1674628133916,0.0,,,
1674628134909,0.0,,,,
1674628134913,,,0.002375,
1674628134914,,0.002125,,
1674628134916,0.002375,,,
1674628135909,0.0,,,,
1674628135914,,0.0,0.0,
1674628135916,0.0,,,
1674628136909,0.0,,,,
1674628136913,,,0.0,
1674628136914,,0.0,,
1674628136916,0.0,,,
1674628137909,0.0,,,,
1674628137913,,,0.00225,
1674628137915,,0.0,,
1674628137916,0.0,,,
1674628138909,0.0,,,,
1674628138913,,,0.0,
1674628138914,,0.002125,,
1674628138916,0.002125,,,
1674628139909,0.0,,,,
1674628139913,,,0.0,
1674628139914,,0.0,,
1674628139916,0.0,,,
1674628140909,0.0,,,,
1674628140913,,,0.0,
1674628140914,,0.0,,
1674628140916,0.0,,,
1674628141909,0.0,,,,
1674628141913,,,0.00175,
1674628141914,,0.0,,
1674628141916,0.0,,,
1674628142909,0.0,,,,
1674628142913,,,0.0,
1674628142914,,0.0016233766233766235,,
1674628142916,0.001625,,,
1674628143908,0.0,,,,
1674628143913,,,0.0,
1674628143914,,0.0,,
1674628143916,0.0,,,
1674628144909,0.0,,,,
1674628144913,,,0.0,
1674628144914,,0.0,,
1674628144916,0.0,,,
1674628145909,0.0,,,,
1674628145913,,,0.002,
1674628145914,,0.0,,
1674628145916,0.0018731268731268732,,,
1674628146909,0.0,,,,
1674628146913,,,0.0,
1674628146914,,0.00175,,
1674628146916,0.0,,,
1674628147909,0.0,,,,
1674628147913,,,0.0,
1674628147914,,0.0,,
1674628147916,0.0,,,
1674628148909,0.0,,,,
1674628148913,,,0.0,
1674628148914,,0.0,,
1674628148916,0.0,,,
1674628149909,0.0,,,,
1674628149913,,,0.002,
1674628149914,,0.001875,,
1674628149916,0.001875,,,
1674628150908,0.0,,,,
1674628150913,,,0.0,
1674628150914,,0.0,,
1674628150916,0.0,,,
1674628151909,0.0,,,,
1674628151913,,,0.0,
1674628151914,,0.0,,
1674628151916,0.0,,,
1674628152909,0.0,,,,
1674628152913,,,0.001875,
1674628152915,,0.0,,
1674628152916,0.0,,,
1674628153909,0.0,,,,
1674628153913,,,0.0,
1674628153914,,0.00175,,
1674628153916,0.001875,,,
1674628154909,0.0,,,,
1674628154913,,,0.0,
1674628154914,,0.0,,
1674628154916,0.0,,,
1674628155908,0.0,,,,
1674628155913,,,0.0,
1674628155914,,0.0,,
1674628155916,0.0,,,
1674628156909,0.0,,,,
1674628156913,,,0.002,
1674628156914,,0.0,,
1674628156916,0.0,,,
1674628157909,0.0,,,,
1674628157913,,,0.0,
1674628157914,,0.001875,,
1674628157916,0.00175,,,
1674628158909,0.0,,,,
1674628158913,,,0.0,
1674628158914,,0.0,,
1674628158916,0.0,,,
1674628159908,0.0,,,,
1674628159913,,,0.0,
1674628159914,,0.0,,
1674628159916,0.0,,,
1674628160908,0.0,,,,
1674628160913,,,0.001875,
1674628160915,,0.0,,
1674628160930,0.0019723865877712033,,,
1674628161909,0.0,,,,
1674628161913,,,0.0,
1674628161915,,0.00175,,
1674628161916,0.0,,,
1674628162909,0.0,,,,
1674628162913,,,0.0,
1674628162914,,0.0,,
1674628162917,0.0,,,
1674628163909,0.0,,,,
1674628163913,,,0.002,
1674628163914,,0.0,,
1674628163916,0.0,,,
1674628164908,0.0,,,,
1674628164913,,,0.0,
1674628164914,,0.0,,
1674628164916,0.00175,,,
1674628165909,0.0,,,,
1674628165913,,,0.0,
1674628165915,,0.0017482517482517483,,
1674628165916,0.0,,,
1674628166909,0.0,,,,
1674628166913,,,0.0,
1674628166914,,0.0,,
1674628166916,0.0,,,
1674628167909,0.0,,,,
1674628167913,,,0.001875,
1674628167914,,0.0,,
1674628167916,0.0,,,
1674628168909,0.0,,,,
1674628168913,,,0.0,
1674628168914,,0.0,,
1674628168916,0.001875,,,
1674628169909,0.0,,,,
1674628169913,,,0.0,
1674628169914,,0.00175,,
1674628169916,0.0,,,
1674628170909,0.0,,,,
1674628170913,,,0.0,
1674628170914,,0.0,,
1674628170916,0.0,,,
1674628171909,0.0,,,,
1674628171913,,,0.002,
1674628171914,,0.0,,
1674628171916,0.0,,,
1674628172909,0.0,,,,
1674628172913,,,0.0,
1674628172915,,0.001875,,
1674628172916,0.00175,,,
1674628173909,0.0,,,,
1674628173913,,,0.0,
1674628173914,,0.0,,
1674628173916,0.0,,,
1674628174909,0.0,,,,
1674628174913,,,0.0,
1674628174914,,0.0,,
1674628174916,0.0,,,
1674628175909,0.0,,,,
1674628175913,,,0.002,
1674628175914,,0.0,,
1674628175916,0.0,,,
1674628176909,0.0,,,,
1674628176913,,,0.0,
1674628176914,,0.00175,,
1674628176916,0.0017517517517517517,,,
1674628177909,0.0,,,,
1674628177913,,,0.0,
1674628177914,,0.0,,
1674628177916,0.0,,,
1674628178909,0.0,,,,
1674628178913,,,0.001875,
1674628178914,,0.0,,
1674628178921,0.0,,,
1674628179909,0.0,,,,
1674628179913,,,0.0,
1674628179914,,0.0,,
1674628179916,0.0018844221105527637,,,
1674628180908,0.0,,,,
1674628180913,,,0.0,
1674628180914,,0.00175,,
1674628180916,0.0,,,
1674628181909,0.0,,,,
1674628181913,,,0.0,
1674628181914,,0.0,,
1674628181916,0.0,,,
1674628182909,0.0,,,,
1674628182913,,,0.002,
1674628182914,,0.0,,
1674628182916,0.0,,,
1674628183909,0.0,,,,
1674628183913,,,0.0,
1674628183914,,0.0,,
1674628183916,0.001875,,,
1674628184908,0.0,,,,
1674628184913,,,0.0,
1674628184914,,0.00175,,
1674628184916,0.0,,,
1674628185908,0.0,,,,
1674628185913,,,0.0,
1674628185914,,0.0,,
1674628185916,0.0,,,
1674628186909,0.0,,,,
1674628186913,,,0.001875,
1674628186914,,0.0,,
1674628186916,0.0,,,
1674628187909,0.0,,,,
1674628187913,,,0.0,
1674628187914,,0.0,,
1674628187916,0.00175,,,
1674628188908,0.0,,,,
1674628188913,,,0.0,
1674628188915,,0.00175,,
1674628188916,0.0,,,
1674628189909,0.0,,,,
1674628189913,,,0.001875,
1674628189914,,0.0,,
1674628189916,0.0,,,
1674628190909,0.0,,,,
1674628190913,,,0.0,
1674628190914,,0.0,,
1674628190916,0.0,,,
1674628191909,0.0,,,,
1674628191913,,,0.0,
1674628191915,,0.0,,
1674628191916,0.001875,,,
1674628192908,0.0,,,,
1674628192913,,,0.0,
1674628192914,,0.001875,,
1674628192916,0.0,,,
1674628193908,0.0,,,,
1674628193913,,,0.002,
1674628193914,,0.0,,
1674628193916,0.0,,,
1674628194908,0.0,,,,
1674628194913,,,0.0,
1674628194914,,0.0,,
1674628194916,0.0,,,
1674628195909,0.0,,,,
1674628195913,,,0.0,
1674628195914,,0.00175,,
1674628195916,0.00175,,,
1674628196908,0.0,,,,
1674628196913,,,0.0,
1674628196914,,0.0,,
1674628196916,0.0,,,
1674628197908,0.0,,,,
1674628197913,,,0.001875,
1674628197914,,0.0,,
1674628197916,0.0,,,
1674628198909,0.0,,,,
1674628198913,,,0.0,
1674628198914,,0.0,,
1674628198916,0.001875,,,
1674628199909,0.0,,,,
1674628199913,,,0.0,
1674628199914,,0.00175,,
1674628199916,0.0,,,
1674628200909,0.0,,,,
1674628200913,,,0.002,
1674628200914,,0.0,,
1674628200916,0.0,,,
1674628201909,0.0,,,,
1674628201913,,,0.0,
1674628201914,,0.0,,
1674628201916,0.0,,,
1674628202909,0.0,,,,
1674628202913,,,0.0,
1674628202914,,0.0,,
1674628202917,0.0017482517482517483,,,
1674628203909,0.0,,,,
1674628203913,,,0.0,
1674628203914,,0.0017482517482517483,,
1674628203916,0.0,,,
1674628204908,0.0,,,,
1674628204913,,,0.001875,
1674628204914,,0.0,,
1674628204916,0.0,,,
1674628205909,0.0,,,,
1674628205913,,,0.0,
1674628205914,,0.0,,
1674628205916,0.0,,,
1674628206908,0.0,,,,
1674628206913,,,0.0,
1674628206914,,0.0,,
1674628206916,0.00175,,,
1674628207909,0.0,,,,
1674628207913,,,0.0,
1674628207914,,0.0017482517482517483,,
1674628207916,0.0,,,
1674628208909,0.0,,,,
1674628208913,,,0.001875,
1674628208914,,0.0,,
1674628208916,0.0,,,
1674628209909,0.0,,,,
1674628209913,,,0.0,
1674628209914,,0.0,,
1674628209916,0.0,,,
1674628210909,0.0,,,,
1674628210913,,,0.0,
1674628210914,,0.0,,
1674628210916,0.001875,,,
1674628211908,0.0,,,,
1674628211913,,,0.0,
1674628211914,,0.0017482517482517483,,
1674628211916,0.0,,,
1674628212908,0.0,,,,
1674628212913,,,0.001875,
1674628212914,,0.0,,
1674628212916,0.0,,,
1674628213909,0.0,,,,
1674628213913,,,0.0,
1674628213914,,0.0,,
1674628213916,0.0,,,
1674628214909,0.0,,,,
1674628214913,,,0.0,
1674628214914,,0.0,,
1674628214916,0.001875,,,
1674628215908,0.0,,,,
1674628215913,,,0.002,
1674628215914,,0.0018731268731268732,,
1674628215916,0.0,,,
1674628216909,0.0,,,,
1674628216913,,,0.0,
1674628216914,,0.0,,
1674628216916,0.0,,,
1674628217909,0.0,,,,
1674628217913,,,0.0,
1674628217914,,0.0,,
1674628217916,0.00175,,,
1674628218908,0.0,,,,
1674628218913,,,0.0,
1674628218914,,0.0,,
1674628218916,0.0,,,
1674628219909,0.0,,,,
1674628219913,,,0.001875,
1674628219914,,0.0017482517482517483,,
1674628219916,0.0,,,
1674628220908,0.0,,,,
1674628220913,,,0.0,
1674628220914,,0.0,,
1674628220916,0.0,,,
1674628221908,0.0,,,,
1674628221913,,,0.0,
1674628221914,,0.0,,
1674628221916,0.001875,,,
1674628222909,0.0,,,,
1674628222913,,,0.0,
1674628222914,,0.0017482517482517483,,
1674628222916,0.0,,,
1674628223908,0.0,,,,
1674628223913,,,0.002,
1674628223915,,0.0,,
1674628223916,0.0,,,
1674628224909,0.0,,,,
1674628224913,,,0.0,
1674628224914,,0.0,,
1674628224916,0.0,,,
1674628225909,0.0,,,,
1674628225913,,,0.0,
1674628225914,,0.0,,
1674628225916,0.00175,,,
1674628226909,0.0,,,,
1674628226913,,,0.001875,
1674628226914,,0.0017517517517517517,,
1674628226916,0.0,,,
1674628227909,0.0,,,,
1674628227913,,,0.0,
1674628227914,,0.0,,
1674628227916,0.0,,,
1674628228909,0.0,,,,
1674628228913,,,0.0,
1674628228914,,0.0,,
1674628228916,0.0,,,
1674628229908,0.0,,,,
1674628229913,,,0.0,
1674628229914,,0.0,,
1674628229916,0.00175,,,
1674628230909,0.0,,,,
1674628230913,,,0.002,
1674628230914,,0.00175,,
1674628230916,0.0,,,
1674628231908,0.0,,,,
1674628231913,,,0.0,
1674628231914,,0.0,,
1674628231916,0.0,,,
1674628232908,0.0,,,,
1674628232913,,,0.0,
1674628232914,,0.0,,
1674628232916,0.001875,,,
1674628233909,0.0,,,,
1674628233913,,,0.0,
1674628233914,,0.0,,
1674628233916,0.0,,,
1674628234908,0.0,,,,
1674628234913,,,0.001875,
1674628234914,,0.00175,,
1674628234916,0.0,,,
1674628235909,0.0,,,,
1674628235913,,,0.0,
1674628235914,,0.0,,
1674628235916,0.0,,,
1674628236908,0.0,,,,
1674628236913,,,0.0,
1674628236914,,0.0,,
1674628236916,0.00175,,,
1674628237909,0.0,,,,
1674628237913,,,0.002,
1674628237914,,0.0,,
1674628237919,0.0,,,
1674628238908,0.0,,,,
1674628238913,,,0.0,
1674628238914,,0.001875,,
1674628238916,0.0,,,
1674628239908,0.0,,,,
1674628239913,,,0.0,
1674628239914,,0.0,,
1674628239916,0.0,,,
1674628240909,0.0,,,,
1674628240913,,,0.0,
1674628240914,,0.0,,
1674628240916,0.001875,,,
1674628241908,0.0,,,,
1674628241913,,,0.001875,
1674628241914,,0.0,,
1674628241916,0.0,,,
1674628242909,0.0,,,,
1674628242913,,,0.0,
1674628242914,,0.00175,,
1674628242916,0.0,,,
1674628243908,0.0,,,,
1674628243913,,,0.0,
1674628243914,,0.0,,
1674628243916,0.0,,,
1674628244909,0.0,,,,
1674628244913,,,0.0,
1674628244914,,0.0,,
1674628244916,0.00175,,,
1674628245908,0.0,,,,
1674628245913,,,0.002,
1674628245914,,0.0017482517482517483,,
1674628245916,0.0,,,
1674628246908,0.0,,,,
1674628246913,,,0.0,
1674628246914,,0.0,,
1674628246916,0.0,,,
1674628247908,0.0,,,,
1674628247913,,,0.0,
1674628247914,,0.0,,
1674628247916,0.001875,,,
1674628248908,0.0,,,,
1674628248913,,,0.001875,
1674628248914,,0.0,,
1674628248916,0.0,,,
1674628249908,0.0,,,,
1674628249913,,,0.0,
1674628249914,,0.00175,,
1674628249916,0.0,,,
1674628250908,0.0,,,,
1674628250913,,,0.0,
1674628250914,,0.0,,
1674628250916,0.0,,,
1674628251909,0.0,,,,
1674628251913,,,0.0,
1674628251914,,0.0,,
1674628251916,0.001875,,,
1674628252909,0.0,,,,
1674628252913,,,0.001875,
1674628252914,,0.0,,
1674628252916,0.0,,,
1674628253909,0.0,,,,
1674628253913,,,0.0,
1674628253915,,0.001875,,
1674628253916,0.0,,,
1674628254909,0.0,,,,
1674628254913,,,0.0,
1674628254914,,0.0,,
1674628254916,0.0,,,
1674628255908,0.0,,,,
1674628255913,,,0.0,
1674628255914,,0.0,,
1674628255916,0.00175,,,
1674628256908,0.0,,,,
1674628256913,,,0.001875,
1674628256914,,0.0,,
1674628256916,0.0,,,
1674628257908,0.0,,,,
1674628257913,,,0.0,
1674628257914,,0.00175,,
1674628257916,0.0,,,
1674628258908,0.0,,,,
1674628258913,,,0.0,
1674628258914,,0.0,,
1674628258916,0.0,,,
1674628259908,0.0,,,,
1674628259913,,,0.001875,
1674628259914,,0.0,,
1674628259916,0.00175,,,
1674628260909,0.0,,,,
1674628260913,,,0.0,
1674628260914,,0.0,,
1674628260916,0.0,,,
1674628261908,0.0,,,,
1674628261913,,,0.0,
1674628261914,,0.0017517517517517517,,
1674628261916,0.0,,,
1674628262908,0.0,,,,
1674628262913,,,0.0,
1674628262914,,0.0,,
1674628262916,0.001875,,,
1674628263908,0.0,,,,
1674628263913,,,0.002,
1674628263915,,0.0,,
1674628263916,0.0,,,
1674628264909,0.0,,,,
1674628264913,,,0.0,
1674628264916,0.0,0.0017482517482517483,,
1674628265909,0.0,,,,
1674628265913,,,0.0,
1674628265914,,0.0,,
1674628265916,0.0,,,
1674628266909,0.0,,,,
1674628266913,,,0.001875,
1674628266914,,0.0,,
1674628266916,0.00175,,,
1674628267909,0.0,,,,
1674628267913,,,0.0,
1674628267915,,0.0,,
1674628267916,0.0,,,
1674628268909,0.0,,,,
1674628268913,,,0.0,
1674628268914,,0.00175,,
1674628268916,0.0,,,
1674628269909,0.0,,,,
1674628269913,,,0.0,
1674628269914,,0.0,,
1674628269916,0.0,,,
1674628270908,0.0,,,,
1674628270913,,,0.002125,
1674628270914,,0.0,,
1674628270916,0.00175,,,
1674628271908,0.0,,,,
1674628271913,,,0.0,
1674628271914,,0.0,,
1674628271916,0.0,,,
1674628272908,0.0,,,,
1674628272913,,,0.0,
1674628272914,,0.0017482517482517483,,
1674628272916,0.0,,,
1674628273908,0.0,,,,
1674628273913,,,0.001875,
1674628273914,,0.0,,
1674628273916,0.0,,,
1674628274908,0.0,,,,
1674628274913,,,0.0,
1674628274914,,0.0,,
1674628274916,0.00175,,,
1674628275909,0.0,,,,
1674628275913,,,0.0,
1674628275914,,0.0,,
1674628275916,0.0,,,
1674628276908,0.0,,,,
1674628276913,,,0.001875,
1674628276914,,0.00175,,
1674628276916,0.0,,,
1674628277908,0.0,,,,
1674628277913,,,0.0,
1674628277914,,0.0,,
1674628277916,0.001875,,,
1674628278908,0.0,,,,
1674628278913,,,0.0,
1674628278914,,0.0,,
1674628278916,0.0,,,
1674628279908,0.0,,,,
1674628279913,,,0.0,
1674628279914,,0.0,,
1674628279916,0.0,,,
1674628280908,0.0,,,,
1674628280913,,,0.00175,
1674628280914,,0.0017482517482517483,,
1674628280916,0.0,,,
1674628281908,0.0,,,,
1674628281913,,,0.0,
1674628281914,,0.0,,
1674628281916,0.00175,,,
1674628282909,0.0,,,,
1674628282913,,,0.0,
1674628282914,,0.0,,
1674628282916,0.0,,,
1674628283908,0.0,,,,
1674628283913,,,0.002,
1674628283914,,0.00175,,
1674628283916,0.0,,,
1674628284908,0.0,,,,
1674628284913,,,0.0,
1674628284914,,0.0,,
1674628284916,0.0,,,
1674628285910,0.0,,,,
1674628285913,,,0.0,
1674628285915,,0.0,,
1674628285916,0.0017482517482517483,,,
1674628286909,0.0,,,,
1674628286913,,,0.001875,
1674628286914,,0.0,,
1674628286916,0.0,,,
1674628287909,0.0,,,,
1674628287913,,,0.0,
1674628287914,,0.00175,,
1674628287916,0.0,,,
1674628288909,0.0,,,,
1674628288913,,,0.0,
1674628288914,,0.0,,
1674628288916,0.001875,,,
1674628289908,0.0,,,,
1674628289913,,,0.001875,
1674628289914,,0.0,,
1674628289916,0.0,,,
1674628290908,0.0,,,,
1674628290913,,,0.0,
1674628290914,,0.0,,
1674628290916,0.0,,,
1674628291909,0.0,,,,
1674628291913,,,0.0,
1674628291914,,0.00175,,
1674628291916,0.0,,,
1674628292910,0.0,,,,
1674628292915,,0.0,,
1674628292916,0.0017482517482517483,,,
1674628292922,,,0.0019821605550049554,
1674628293909,0.0,,,,
1674628293913,,,0.0,
1674628293914,,0.0,,
1674628293916,0.0,,,
1674628294909,0.0,,,,
1674628294913,,,0.0,
1674628294914,,0.0018731268731268732,,
1674628294916,0.0,,,
1674628295908,0.0,,,,
1674628295913,,,0.0,
1674628295914,,0.0,,
1674628295916,0.00175,,,
1674628296908,0.0,,,,
1674628296913,,,0.001875,
1674628296914,,0.0,,
1674628296916,0.0,,,
1674628297909,0.0,,,,
1674628297913,,,0.0,
1674628297914,,0.0,,
1674628297916,0.0,,,
1674628298909,0.0,,,,
1674628298913,,,0.0,
1674628298914,,0.0017482517482517483,,
1674628298916,0.0,,,
1674628299909,0.0,,,,
1674628299913,,,0.001875,
1674628299914,,0.0,,
1674628299916,0.001875,,,
1674628300909,0.0,,,,
1674628300913,,,0.0,
1674628300915,,0.0,,
1674628300916,0.0,,,
1674628301909,0.0,,,,
1674628301913,,,0.0,
1674628301914,,0.0,,
1674628301916,0.0,,,
1674628302908,0.0,,,,
1674628302913,,,0.001875,
1674628302914,,0.00175,,
1674628302916,0.00175,,,
1674628303909,0.0,,,,
1674628303913,,,0.0,
1674628303914,,0.0,,
1674628303916,0.0,,,
1674628304909,0.0,,,,
1674628304913,,,0.0,
1674628304914,,0.0,,
1674628304916,0.0,,,
1674628305909,0.0,,,,
1674628305913,,,0.001875,
1674628305914,,0.00175,,
1674628305916,0.00175,,,
1674628306909,0.0,,,,
1674628306913,,,0.0,
1674628306914,,0.0,,
1674628306916,0.0,,,
1674628307909,0.0,,,,
1674628307913,,,0.0,
1674628307914,,0.0,,
1674628307916,0.0,,,
1674628308909,0.0,,,,
1674628308913,,,0.001875,
1674628308914,,0.0,,
1674628308916,0.0,,,
1674628309908,0.0,,,,
1674628309913,,,0.0,
1674628309914,,0.001875,,
1674628309916,0.00175,,,
1674628310908,0.0,,,,
1674628310913,,,0.0,
1674628310914,,0.0,,
1674628310916,0.0,,,
1674628311908,0.0,,,,
1674628311913,,,0.001875,
1674628311914,,0.0,,
1674628311916,0.0,,,
1674628312908,0.0,,,,
1674628312913,,,0.0,
1674628312915,,0.0017482517482517483,,
1674628312916,0.00175,,,
1674628313909,0.0,,,,
1674628313913,,,0.00175,
1674628313914,,0.0,,
1674628313916,0.0,,,
1674628314909,0.0,,,,
1674628314913,,,0.0,
1674628314914,,0.0,,
1674628314916,0.0,,,
1674628315909,0.0,,,,
1674628315913,,,0.0,
1674628315914,,0.0017482517482517483,,
1674628315916,0.00175,,,
1674628316908,0.0,,,,
1674628316913,,,0.001875,
1674628316914,,0.0,,
1674628316916,0.0,,,
1674628317909,0.0,,,,
1674628317914,,0.0,,
1674628317916,0.0,,0.0,
1674628318909,0.0,,,,
1674628318913,,,0.0,
1674628318914,,0.0,,
1674628318916,0.0,,,
1674628319908,0.0,,,,
1674628319913,,,0.00175,
1674628319914,,0.0017482517482517483,,
1674628319916,0.00175,,,
1674628320908,0.0,,,,
1674628320913,,,0.0,
1674628320914,,0.0,,
1674628320916,0.0,,,
1674628321908,0.0,,,,
1674628321913,,,0.0,
1674628321914,,0.0,,
1674628321916,0.0,,,
1674628322909,0.0,,,,
1674628322913,,,0.00175,
1674628322914,,0.0016233766233766235,,
1674628322916,0.001625,,,
1674628323908,0.0,,,,
1674628323913,,,0.0,
1674628323914,,0.0,,
1674628323916,0.0,,,
1674628324908,0.0,,,,
1674628324913,,,0.00175,
1674628324914,,0.0,,
1674628324916,0.0,,,
1674628325908,0.0,,,,
1674628325913,,,0.0,
1674628325914,,0.00175,,
1674628325916,0.00175,,,
1674628326908,0.0,,,,
1674628326913,,,0.0,
1674628326914,,0.0,,
1674628326916,0.0,,,
1674628327908,0.0,,,,
1674628327913,,,0.00175,
1674628327914,,0.0,,
1674628327916,0.0,,,
1674628328908,0.0,,,,
1674628328913,,,0.0,
1674628328914,,0.0,,
1674628328916,0.00175,,,
1674628329908,0.0,,,,
1674628329913,,,0.0,
1674628329914,,0.0017482517482517483,,
1674628329916,0.0,,,
1674628330908,0.0,,,,
1674628330913,,,0.001875,
1674628330914,,0.0,,
1674628330916,0.0,,,
1674628331908,0.0,,,,
1674628331913,,,0.0,
1674628331914,,0.0,,
1674628331916,0.001625,,,
1674628332909,0.0,,,,
1674628332913,,,0.00175,
1674628332914,,0.00175,,
1674628332916,0.0,,,
1674628333908,0.0,,,,
1674628333913,,,0.0,
1674628333914,,0.0,,
1674628333916,0.0,,,
1674628334908,0.0,,,,
1674628334913,,,0.0,
1674628334914,,0.0,,
1674628334916,0.00175,,,
1674628335908,0.0,,,,
1674628335913,,,0.00175,
1674628335914,,0.001625,,
1674628335916,0.0,,,
1674628336908,0.0,,,,
1674628336913,,,0.0,
1674628336914,,0.0,,
1674628336916,0.0,,,
1674628337908,0.0,,,,
1674628337913,,,0.001625,
1674628337914,,0.0,,
1674628337916,0.001625,,,
1674628338908,0.0,,,,
1674628338913,,,0.0,
1674628338914,,0.00175,,
1674628338916,0.0,,,
1674628339908,0.0,,,,
1674628339913,,,0.0,
1674628339914,,0.0,,
1674628339916,0.0,,,
1674628340908,0.0,,,,
1674628340913,,,0.001625,
1674628340914,,0.0,,
1674628340916,0.00175,,,
1674628341908,0.0,,,,
1674628341913,,,0.0,
1674628341914,,0.001625,,
1674628341916,0.0,,,
1674628342908,0.0,,,,
1674628342913,,,0.00175,
1674628342914,,0.0,,
1674628342916,0.0,,,
1674628343908,0.0,,,,
1674628343913,,,0.0,
1674628343914,,0.0,,
1674628343916,0.001625,,,
1674628344908,0.0,,,,
1674628344913,,,0.001625,
1674628344914,,0.00175,,
1674628344916,0.0,,,
1674628345908,0.0,,,,
1674628345913,,,0.0,
1674628345914,,0.0,,
1674628345916,0.0,,,
1674628346908,0.0,,,,
1674628346913,,,0.0,
1674628346914,,0.0,,
1674628346916,0.00175,,,
1674628347908,0.0,,,,
1674628347913,,,0.003875,
1674628347914,,0.001625,,
1674628347916,0.0,,,
1674628348908,0.0,,,,
1674628348913,,,0.0,
1674628348914,,0.0,,
1674628348916,0.0,,,
1674628349908,0.0,,,,
1674628349913,,,0.0,
1674628349914,,0.0,,
1674628349916,0.001625,,,
1674628350908,0.0,,,,
1674628350913,,,0.0,
1674628350914,,0.0017482517482517483,,
1674628350916,0.0,,,
1674628351908,0.0,,,,
1674628351913,,,0.001375,
1674628351914,,0.0,,
1674628351916,0.00175,,,
1674628352908,0.0,,,,
1674628352913,,,0.0,
1674628352914,,0.0,,
1674628352916,0.0,,,
1674628353908,0.0,,,,
1674628353913,,,0.0,
1674628353914,,0.00175,,
1674628353916,0.0,,,
1674628354908,0.0,,,,
1674628354913,,,0.0,
1674628354914,,0.0,,
1674628354916,0.001625,,,
1674628355908,0.0,,,,
1674628355913,,,0.001875,
1674628355914,,0.0,,
1674628355916,0.0,,,
1674628356908,0.0,,,,
1674628356913,,,0.0,
1674628356914,,0.001625,,
1674628356916,0.0,,,
1674628357908,0.0,,,,
1674628357913,,,0.0,
1674628357914,,0.0,,
1674628357916,0.001625,,,
1674628358909,0.0,,,,
1674628358913,,,0.0,
1674628358914,,0.0,,
1674628358916,0.0,,,
1674628359908,0.0,,,,
1674628359913,,,0.001875,
1674628359914,,0.001625,,
1674628359916,0.0,,,
1674628360908,0.0,,,,
1674628360913,,,0.0,
1674628360914,,0.0,,
1674628360916,0.00175,,,
1674628361908,0.0,,,,
1674628361913,,,0.0,
1674628361914,,0.0,,
1674628361916,0.0,,,
1674628362908,0.0,,,,
1674628362913,,,0.001875,
1674628362914,,0.00175,,
1674628362916,0.001625,,,
1674628363908,0.0,,,,
1674628363913,,,0.0,
1674628363914,,0.0,,
1674628363916,0.0,,,
1674628364908,0.0,,,,
1674628364913,,,0.0,
1674628364914,,0.001625,,
1674628364916,0.0,,,
1674628365908,0.0,,,,
1674628365913,,,0.0,
1674628365914,,0.0,,
1674628365916,0.001625,,,
1674628366908,0.0,,,,
1674628366913,,,0.001875,
1674628366914,,0.0,,
1674628366916,0.0,,,
1674628367908,0.0,,,,
1674628367913,,,0.0,
1674628367914,,0.001625,,
1674628367916,0.001625,,,
1674628368908,0.0,,,,
1674628368913,,,0.0,
1674628368914,,0.0,,
1674628368916,0.0,,,
1674628369908,0.0,,,,
1674628369913,,,0.0,
1674628369914,,0.0,,
1674628369916,0.0,,,
1674628370908,0.0,,,,
1674628370913,,,0.001875,
1674628370914,,0.0015,,
1674628370916,0.001625,,,
1674628371908,0.0,,,,
1674628371913,,,0.0,
1674628371914,,0.0,,
1674628371916,0.0,,,
1674628372908,0.0,,,,
1674628372913,,,0.0,
1674628372914,,0.001625,,
1674628372916,0.001625,,,
1674628373908,0.0,,,,
1674628373913,,,0.0,
1674628373914,,0.0,,
1674628373916,0.0,,,
1674628374908,0.0,,,,
1674628374913,,,0.00225,
1674628374914,,0.0,,
1674628374916,0.0,,,
1674628375908,0.0,,,,
1674628375913,,,0.0,
1674628375914,,0.001625,,
1674628375916,0.0015,,,
1674628376908,0.0,,,,
1674628376913,,,0.0,
1674628376914,,0.0,,
1674628376916,0.0,,,
1674628377908,0.0,,,,
1674628377913,,,0.001875,
1674628377914,,0.0,,
1674628377916,0.00325,,,
1674628378908,0.0,,,,
1674628378913,,,0.0,
1674628378914,,0.001625,,
1674628378916,3.746253746253746E-4,,,
1674628379908,0.0,,,,
1674628379913,,,0.0,
1674628379914,,0.0,,
1674628379916,0.0,,,
1674628380908,0.0,,,,
1674628380913,,,0.0,
1674628380914,,0.0015,,
1674628380917,0.0,,,
1674628381908,0.0,,,,
1674628381913,,,0.001875,
1674628381914,,0.0,,
1674628381916,0.0,,,
1674628382908,0.0,,,,
1674628382913,,,0.0,
1674628382914,,0.0,,
1674628382916,0.0013763763763763764,,,
1674628383908,0.0,,,,
1674628383913,,,0.0,
1674628383914,,0.001625,,
1674628383916,0.0,,,
1674628384908,0.0,,,,
1674628384913,,,0.0,
1674628384914,,0.0,,
1674628384916,0.0,,,
1674628385908,0.0,,,,
1674628385913,,,0.002,
1674628385914,,0.001625,,
1674628385916,0.0,,,
1674628386908,0.0,,,,
1674628386913,,,0.0,
1674628386914,,0.0,,
1674628386916,0.001625,,,
1674628387908,0.0,,,,
1674628387913,,,0.0,
1674628387914,,0.0015,,
1674628387916,0.0,,,
1674628388908,0.0,,,,
1674628388913,,,0.001875,
1674628388914,,0.00175,,
1674628388916,0.0,,,
1674628389908,0.0,,,,
1674628389913,,,0.0,
1674628389914,,0.0,,
1674628389916,0.002,,,
1674628390908,0.0,,,,
1674628390913,,,0.0,
1674628390914,,0.0,,
1674628390916,0.0,,,
1674628391908,0.0,,,,
1674628391913,,,0.0,
1674628391914,,0.0,,
1674628391916,0.0,,,
1674628392908,0.0,,,,
1674628392913,,,0.002,
1674628392914,,0.00125,,
1674628392916,0.0,,,
1674628393908,0.0,,,,
1674628393913,,,0.0,
1674628393914,,0.0,,
1674628393916,0.00175,,,
1674628394908,0.0,,,,
1674628394913,,,0.0,
1674628394914,,0.0,,
1674628394916,0.0,,,
1674628395908,0.0,,,,
1674628395913,,,0.0,
1674628395914,,0.0,,
1674628395916,0.0,,,
1674628396908,0.0,,,,
1674628396913,,,0.002,
1674628396914,,0.00175,,
1674628396916,0.0,,,
1674628397908,0.0,,,,
1674628397913,,,0.0,
1674628397914,,0.0,,
1674628397916,0.001875,,,
1674628398908,0.0,,,,
1674628398913,,,0.0,
1674628398914,,0.0,,
1674628398916,0.0,,,
1674628399908,0.0,,,,
1674628399913,,,0.0,
1674628399914,,0.0,,
1674628399916,0.0,,,
1674628400908,0.0,,,,
1674628400913,,,0.002,
1674628400914,,0.00175,,
1674628400916,0.0,,,
1674628401908,0.0,,,,
1674628401913,,,0.0,
1674628401914,,0.0,,
1674628401916,0.00175,,,
1674628402908,0.0,,,,
1674628402913,,,0.0,
1674628402914,,0.0,,
1674628402916,0.0,,,
1674628403908,0.0,,,,
1674628403913,,,0.001875,
1674628403914,,0.0,,
1674628403916,0.0,,,
1674628404908,0.0,,,,
1674628404913,,,0.0,
1674628404914,,0.0018731268731268732,,
1674628404916,0.0,,,
1674628405908,0.0,,,,
1674628405913,,,0.0,
1674628405914,,0.0,,
1674628405916,0.001875,,,
1674628406908,0.0,,,,
1674628406913,,,0.0,
1674628406914,,0.0,,
1674628406916,0.0,,,
1674628407908,0.0,,,,
1674628407913,,,0.002,
1674628407914,,0.00175,,
1674628407916,0.0,,,
1674628408908,0.0,,,,
1674628408913,,,0.0,
1674628408914,,0.0,,
1674628408916,0.00175,,,
1674628409908,0.0,,,,
1674628409913,,,0.0,
1674628409914,,0.0,,
1674628409916,0.0,,,
1674628410908,0.0,,,,
1674628410913,,,0.0,
1674628410914,,0.0,,
1674628410916,0.0,,,
1674628411908,0.0,,,,
1674628411913,,,0.001875,
1674628411914,,0.00175,,
1674628411916,0.0,,,
1674628412908,0.0,,,,
1674628412913,,,0.0,
1674628412914,,0.0,,
1674628412916,0.001875,,,
1674628413908,0.0,,,,
1674628413913,,,0.0,
1674628413914,,0.0,,
1674628413916,0.0,,,
1674628414908,0.0,,,,
1674628414913,,,0.002,
1674628414914,,0.0,,
1674628414916,0.0,,,
1674628415908,0.0,,,,
1674628415913,,,0.0,
1674628415914,,0.0017517517517517517,,
1674628415916,0.0,,,
1674628416908,0.0,,,,
1674628416913,,,0.0,
1674628416914,,0.0,,
1674628416916,0.00175,,,
1674628417908,0.0,,,,
1674628417913,,,0.0,
1674628417914,,0.0,,
1674628417916,0.0,,,
1674628418908,0.0,,,,
1674628418913,,,0.001875,
1674628418914,,0.0,,
1674628418916,0.0,,,
1674628419908,0.0,,,,
1674628419913,,,0.0,
1674628419914,,0.001875,,
1674628419916,0.0,,,
1674628420908,0.0,,,,
1674628420913,,,0.0,
1674628420914,,0.0,,
1674628420916,0.001875,,,
1674628421908,0.0,,,,
1674628421913,,,0.002,
1674628421914,,0.0,,
1674628421916,0.0,,,
1674628422908,0.0,,,,
1674628422913,,,0.0,
1674628422914,,0.0,,
1674628422916,0.0,,,
1674628423908,0.0,,,,
1674628423913,,,0.0,
1674628423914,,0.001625,,
1674628423916,0.001875,,,
1674628424908,0.0,,,,
1674628424913,,,0.0,
1674628424914,,0.0,,
1674628424916,0.0,,,
1674628425908,0.0,,,,
1674628425913,,,0.001875,
1674628425914,,0.0,,
1674628425916,0.0,,,
1674628426908,0.0,,,,
1674628426913,,,0.0,
1674628426914,,0.0,,
1674628426916,0.0,,,
1674628427908,0.0,,,,
1674628427913,,,0.0,
1674628427914,,0.0018731268731268732,,
1674628427916,0.00175,,,
1674628428908,0.0,,,,
1674628428913,,,0.002,
1674628428914,,0.0,,
1674628428916,0.0,,,
1674628429908,0.0,,,,
1674628429913,,,0.0,
1674628429914,,0.0,,
1674628429916,0.0,,,
1674628430908,0.0,,,,
1674628430913,,,0.0,
1674628430914,,0.00175,,
1674628430916,0.0,,,
1674628431908,0.0,,,,
1674628431913,,,0.0,
1674628431914,,0.0,,
1674628431916,0.001875,,,
1674628432908,0.0,,,,
1674628432913,,,0.001875,
1674628432914,,0.0,,
1674628432916,0.0,,,
1674628433908,0.0,,,,
1674628433913,,,0.0,
1674628433914,,0.0,,
1674628433916,0.0,,,
1674628434908,0.0,,,,
1674628434913,,,0.0,
1674628434914,,0.00175,,
1674628434916,0.0,,,
1674628435908,0.0,,,,
1674628435913,,,0.001875,
1674628435914,,0.0,,
1674628435916,0.001875,,,
1674628436908,0.0,,,,
1674628436913,,,0.0,
1674628436914,,0.0,,
1674628436916,0.0,,,
1674628437908,0.0,,,,
1674628437913,,,0.0,
1674628437914,,0.0,,
1674628437916,0.0,,,
1674628438908,0.0,,,,
1674628438913,,,0.001875,
1674628438914,,0.001875,,
1674628438916,0.0,,,
1674628439908,0.0,,,,
1674628439913,,,0.0,
1674628439914,,0.0,,
1674628439916,0.00175,,,
1674628440908,0.0,,,,
1674628440913,,,0.0,
1674628440914,,0.0,,
1674628440916,0.0,,,
1674628441908,0.0,,,,
1674628441913,,,0.0,
1674628441914,,0.0,,
1674628441916,0.0,,,
1674628442908,0.0,,,,
1674628442913,,,0.001875,
1674628442915,,0.0017482517482517483,,
1674628442916,0.001875,,,
1674628443908,0.0,,,,
1674628443913,,,0.0,
1674628443915,,0.0,,
1674628443916,0.0,,,
1674628444908,0.0,,,,
1674628444913,,,0.0,
1674628444914,,0.0,,
1674628444916,0.0,,,
1674628445908,0.0,,,,
1674628445913,,,0.001875,
1674628445914,,0.0,,
1674628445916,0.0,,,
1674628446909,0.0,,,,
1674628446913,,,0.0,
1674628446914,,0.0017482517482517483,,
1674628446916,0.001875,,,
1674628447908,0.0,,,,
1674628447913,,,0.0,
1674628447914,,0.0,,
1674628447916,0.0,,,
1674628448908,0.0,,,,
1674628448913,,,0.001875,
1674628448914,,0.0,,
1674628448915,0.0,,,
1674628449908,0.0,,,,
1674628449913,,,0.0,
1674628449914,,0.0,,
1674628449915,0.0,,,
1674628450908,0.0,,,,
1674628450913,,,0.0,
1674628450914,,0.001875,,
1674628450916,0.00175,,,
1674628451908,0.0,,,,
1674628451913,,,0.001875,
1674628451914,,0.0,,
1674628451916,0.0,,,
1674628452908,0.0,,,,
1674628452913,,,0.0,
1674628452915,,0.0,,
1674628452916,0.0,,,
1674628453908,0.0,,,,
1674628453913,,,0.0,
1674628453914,,0.0016266266266266266,,
1674628453916,0.0,,,
1674628454908,0.0,,,,
1674628454913,,,0.0,
1674628454914,,0.0,,
1674628454916,0.001875,,,
1674628455908,0.0,,,,
1674628455913,,,0.001875,
1674628455914,,0.0,,
1674628455916,0.0,,,
1674628456908,0.0,,,,
1674628456913,,,0.0,
1674628456914,,0.0,,
1674628456916,0.0,,,
1674628457908,0.0,,,,
1674628457913,,,0.0,
1674628457914,,0.001875,,
1674628457916,0.00175,,,
1674628458908,0.0,,,,
1674628458913,,,0.001875,
1674628458914,,0.0,,
1674628458916,0.0,,,
1674628459908,0.0,,,,
1674628459913,,,0.0,
1674628459914,,0.0,,
1674628459916,0.0,,,
1674628460908,0.0,,,,
1674628460913,,,0.0,
1674628460914,,0.0,,
1674628460916,0.0,,,
1674628461908,0.0,,,,
1674628461913,,,0.00175,
1674628461914,,0.00175,,
1674628461916,0.00175,,,
1674628462908,0.0,,,,
1674628462913,,,0.0,
1674628462914,,0.0,,
1674628462916,0.0,,,
1674628463908,0.0,,,,
1674628463913,,,0.0,
1674628463914,,0.0,,
1674628463916,0.0,,,
1674628464908,0.0,,,,
1674628464913,,,0.001875,
1674628464914,,0.0,,
1674628464916,0.0,,,
1674628465908,0.0,,,,
1674628465913,,,0.0,
1674628465914,,0.00175,,
1674628465916,0.00175,,,
1674628466908,0.0,,,,
1674628466913,,,0.0,
1674628466914,,0.0,,
1674628466915,0.0,,,
1674628467908,0.0,,,,
1674628467913,,,0.001875,
1674628467914,,0.0,,
1674628467916,0.0,,,
1674628468908,0.0,,,,
1674628468913,,,0.0,
1674628468914,,0.0,,
1674628468916,0.00175,,,
1674628469908,0.0,,,,
1674628469913,,,0.0,
1674628469914,,0.00175,,
1674628469916,0.0,,,
1674628470908,0.0,,,,
1674628470913,,,0.001875,
1674628470914,,0.0,,
1674628470916,0.0,,,
1674628471908,0.0,,,,
1674628471913,,,0.0,
1674628471914,,0.0,,
1674628471916,0.0,,,
1674628472908,0.0,,,,
1674628472913,,,0.0,
1674628472914,,0.0,,
1674628472916,0.001875,,,
1674628473908,0.0,,,,
1674628473913,,,0.00175,
1674628473914,,0.001875,,
1674628473916,0.0,,,
1674628474908,0.0,,,,
1674628474913,,,0.0,
1674628474914,,0.0,,
1674628474916,0.0,,,
1674628475908,0.0,,,,
1674628475913,,,0.00175,
1674628475914,,0.0,,
1674628475916,0.0,,,
1674628476908,0.0,,,,
1674628476913,,,0.0,
1674628476914,,0.00175,,
1674628476916,0.00175,,,
1674628477908,0.0,,,,
1674628477913,,,0.0,
1674628477914,,0.0,,
1674628477916,0.0,,,
1674628478908,0.0,,,,
1674628478913,,,0.00175,
1674628478914,,0.0,,
1674628478915,0.0,,,
1674628479908,0.0,,,,
1674628479913,,,0.0,
1674628479914,,0.0,,
1674628479916,0.001875,,,
1674628480908,0.0,,,,
1674628480913,,,0.0,
1674628480914,,0.00175,,
1674628480916,0.0,,,
1674628481908,0.0,,,,
1674628481913,,,0.001875,
1674628481914,,0.0,,
1674628481916,0.0,,,
1674628482908,0.0,,,,
1674628482913,,,0.0,
1674628482915,,0.0,,
1674628482929,0.0018491124260355029,,,
1674628483908,0.0,,,,
1674628483913,,,0.0,
1674628483914,,0.0,,
1674628483916,0.0,,,
1674628484908,0.0,,,,
1674628484913,,,0.00175,
1674628484914,,0.001875,,
1674628484916,0.0,,,
1674628485908,0.0,,,,
1674628485913,,,0.0,
1674628485914,,0.0,,
1674628485916,0.0,,,
1674628486908,0.0,,,,
1674628486913,,,0.001875,
1674628486914,,0.0,,
1674628486916,0.001875,,,
1674628487908,0.0,,,,
1674628487913,,,0.0,
1674628487914,,0.0,,
1674628487916,0.0,,,
1674628488908,0.0,,,,
1674628488913,,,0.0,
1674628488914,,0.001875,,
1674628488915,0.0,,,
1674628489908,0.0,,,,
1674628489913,,,0.00175,
1674628489914,,0.0,,
1674628489916,0.001625,,,
1674628490908,0.0,,,,
1674628490913,,,0.0,
1674628490914,,0.0,,
1674628490916,0.0,,,
1674628491908,0.0,,,,
1674628491913,,,0.0,
1674628491914,,0.00175,,
1674628491916,0.0,,,
1674628492908,0.0,,,,
1674628492913,,,0.00175,
1674628492914,,0.0,,
1674628492916,0.0,,,
1674628493908,0.0,,,,
1674628493913,,,0.0,
1674628493914,,0.0,,
1674628493916,0.001875,,,
1674628494908,0.0,,,,
1674628494913,,,0.00175,
1674628494914,,0.0,,
1674628494916,0.0,,,
1674628495908,0.0,,,,
1674628495913,,,0.0,
1674628495914,,0.00175,,
1674628495916,0.0,,,
1674628496908,0.0,,,,
1674628496913,,,0.0,
1674628496914,,0.0,,
1674628496916,0.00175,,,
1674628497908,0.0,,,,
1674628497913,,,0.00175,
1674628497914,,0.0,,
1674628497916,0.0,,,
1674628498908,0.0,,,,
1674628498913,,,0.0,
1674628498914,,0.00175,,
1674628498916,0.0,,,
1674628499908,0.0,,,,
1674628499913,,,0.00175,
1674628499914,,0.0,,
1674628499916,0.00175,,,
1674628500908,0.0,,,,
1674628500913,,,0.0,
1674628500914,,0.0,,
1674628500916,0.0,,,
1674628501908,0.0,,,,
1674628501913,,,0.001625,
1674628501914,,0.0,,
1674628501916,0.0,,,
1674628502908,0.0,,,,
1674628502913,,,0.0,
1674628502914,,0.00175,,
1674628502916,0.0,,,
1674628503908,0.0,,,,
1674628503913,,,0.0,
1674628503914,,0.0,,
1674628503916,0.00175,,,
1674628504908,0.0,,,,
1674628504913,,,0.00175,
1674628504914,,0.0,,
1674628504916,0.0,,,
1674628505908,0.0,,,,
1674628505913,,,0.0,
1674628505914,,0.00175,,
1674628505916,0.0,,,
1674628506908,0.0,,,,
1674628506913,,,0.003,
1674628506914,,0.0,,
1674628506916,0.00175,,,
1674628507908,0.0,,,,
1674628507913,,,3.75E-4,
1674628507914,,0.0,,
1674628507916,0.0,,,
1674628508908,0.0,,,,
1674628508913,,,0.0,
1674628508914,,0.0,,
1674628508916,0.0,,,
1674628509908,0.0,,,,
1674628509913,,,0.0,
1674628509914,,0.00175,,
1674628509916,0.00175,,,
1674628510908,0.0,,,,
1674628510913,,,0.0015,
1674628510914,,0.0,,
1674628510916,0.0,,,
1674628511908,0.0,,,,
1674628511913,,,0.0,
1674628511914,,0.0,,
1674628511916,0.0,,,
1674628512908,0.0,,,,
1674628512913,,,0.0,
1674628512914,,0.001625,,
1674628512916,0.001875,,,
1674628513908,0.0,,,,
1674628513913,,,0.0,
1674628513914,,0.0,,
1674628513916,0.0,,,
1674628514908,0.0,,,,
1674628514913,,,0.00175,
1674628514914,,0.0,,
1674628514916,0.0,,,
1674628515908,0.0,,,,
1674628515913,,,0.0,
1674628515914,,0.0,,
1674628515916,0.001625,,,
1674628516908,0.0,,,,
1674628516913,,,0.0,
1674628516914,,0.00175,,
1674628516916,0.0,,,
1674628517908,0.0,,,,
1674628517913,,,0.0,
1674628517914,,0.0,,
1674628517916,0.0,,,
1674628518908,0.0,,,,
1674628518913,,,0.002,
1674628518914,,0.0,,
1674628518916,0.00175,,,
1674628519908,0.0,,,,
1674628519913,,,0.0,
1674628519914,,0.00175,,
1674628519916,0.0,,,
1674628520908,0.0,,,,
1674628520913,,,0.0,
1674628520914,,0.0,,
1674628520916,0.0,,,
1674628521908,0.0,,,,
1674628521913,,,0.0,
1674628521914,,0.0,,
1674628521916,0.00175,,,
1674628522908,0.0,,,,
1674628522913,,,0.002,
1674628522914,,0.00175,,
1674628522916,0.0,,,
1674628523908,0.0,,,,
1674628523913,,,0.0,
1674628523914,,0.0,,
1674628523916,0.0,,,
1674628524908,0.0,,,,
1674628524913,,,0.0,
1674628524914,,0.0,,
1674628524916,0.00175,,,
1674628525908,0.0,,,,
1674628525913,,,0.002,
1674628525914,,0.00175,,
1674628525916,0.0,,,
1674628526908,0.0,,,,
1674628526913,,,0.0,
1674628526914,,0.0,,
1674628526916,0.0,,,
1674628527908,0.0,,,,
1674628527913,,,0.0,
1674628527914,,0.0,,
1674628527916,0.00175,,,
1674628528908,0.0,,,,
1674628528913,,,0.0,
1674628528914,,0.0,,
1674628528916,0.0,,,
1674628529908,0.0,,,,
1674628529913,,,0.001875,
1674628529914,,0.00175,,
1674628529916,0.0,,,
1674628530908,0.0,,,,
1674628530913,,,0.0,
1674628530914,,0.0,,
1674628530916,0.001625,,,
1674628531908,0.0,,,,
1674628531913,,,0.0,
1674628531914,,0.0,,
1674628531916,0.0,,,
1674628532908,0.0,,,,
1674628532913,,,0.0,
1674628532914,,0.00175,,
1674628532916,0.0,,,
1674628533908,0.0,,,,
1674628533913,,,0.002,
1674628533914,,0.0,,
1674628533916,0.00175,,,
1674628534908,0.0,,,,
1674628534913,,,0.0,
1674628534914,,0.0,,
1674628534916,0.0,,,
1674628535908,0.0,,,,
1674628535913,,,0.0,
1674628535914,,0.00175,,
1674628535916,0.0,,,
1674628536908,0.0,,,,
1674628536913,,,0.002,
1674628536914,,0.0,,
1674628536916,0.001625,,,
1674628537908,0.0,,,,
1674628537913,,,0.0,
1674628537914,,0.0,,
1674628537916,0.0,,,
1674628538908,0.0,,,,
1674628538913,,,0.0,
1674628538914,,0.001625,,
1674628538916,0.00175,,,
1674628539908,0.0,,,,
1674628539913,,,0.0,
1674628539914,,0.0,,
1674628539916,0.0,,,
1674628540908,0.0,,,,
1674628540913,,,0.002,
1674628540914,,0.0,,
1674628540916,0.0,,,
1674628541908,0.0,,,,
1674628541913,,,0.0,
1674628541914,,0.00175,,
1674628541916,0.001625,,,
1674628542908,0.0,,,,
1674628542913,,,0.0,
1674628542914,,0.0,,
1674628542916,0.0,,,
1674628543908,0.0,,,,
1674628543913,,,0.0,
1674628543914,,0.0,,
1674628543916,0.0,,,
1674628544908,0.0,,,,
1674628544913,,,0.001875,
1674628544914,,0.001625,,
1674628544916,0.001625,,,
1674628545908,0.0,,,,
1674628545913,,,0.0,
1674628545914,,0.0,,
1674628545916,0.0,,,
1674628546908,0.0,,,,
1674628546913,,,0.0,
1674628546914,,0.0,,
1674628546916,0.001625,,,
1674628547908,0.0,,,,
1674628547913,,,0.0,
1674628547914,,0.001625,,
1674628547916,0.0,,,
1674628548908,0.0,,,,
1674628548913,,,0.001875,
1674628548914,,0.0,,
1674628548916,0.0,,,
1674628549908,0.0,,,,
1674628549913,,,0.0,
1674628549914,,0.0,,
1674628549916,0.001625,,,
1674628550908,0.0,,,,
1674628550913,,,0.0,
1674628550914,,0.001625,,
1674628550916,0.0,,,
1674628551908,0.0,,,,
1674628551913,,,0.001875,
1674628551914,,0.0,,
1674628551915,0.0,,,
1674628552908,0.0,,,,
1674628552913,,,0.0,
1674628552914,,0.0,,
1674628552916,0.0015,,,
1674628553908,0.0,,,,
1674628553913,,,0.0,
1674628553914,,0.001625,,
1674628553916,0.0,,,
1674628554908,0.0,,,,
1674628554913,,,0.0,
1674628554914,,0.0,,
1674628554916,0.001625,,,
1674628555908,0.0,,,,
1674628555913,,,0.002,
1674628555914,,0.0,,
1674628555916,0.0,,,
1674628556908,0.0,,,,
1674628556913,,,0.0,
1674628556914,,0.00175,,
1674628556916,0.0,,,
1674628557908,0.0,,,,
1674628557913,,,0.0,
1674628557914,,0.0,,
1674628557916,0.001625,,,
1674628558908,0.0,,,,
1674628558913,,,0.0,
1674628558914,,0.0,,
1674628558916,0.0,,,
1674628559908,0.0,,,,
1674628559913,,,0.002,
1674628559914,,0.00175,,
1674628559916,0.001625,,,
1674628560908,0.0,,,,
1674628560913,,,0.0,
1674628560914,,0.0,,
1674628560916,0.0,,,
1674628561908,0.0,,,,
1674628561913,,,0.0,
1674628561914,,0.0,,
1674628561916,0.001625,,,
1674628562908,0.0,,,,
1674628562913,,,0.001875,
1674628562914,,0.001625,,
1674628562916,0.0,,,
1674628563908,0.0,,,,
1674628563913,,,0.0,
1674628563914,,0.0,,
1674628563915,0.0,,,
1674628564908,0.0,,,,
1674628564913,,,0.0,
1674628564914,,0.0015,,
1674628564916,0.003125,,,
1674628565908,0.0,,,,
1674628565913,,,0.0,
1674628565914,,0.0,,
1674628565916,0.0,,,
1674628566908,0.0,,,,
1674628566913,,,0.002,
1674628566914,,0.0,,
1674628566916,0.0,,,
1674628567908,0.0,,,,
1674628567913,,,0.0,
1674628567914,,0.00175,,
1674628567915,0.0,,,
1674628568908,0.0,,,,
1674628568913,,,0.0,
1674628568914,,0.0,,
1674628568916,0.001375,,,
1674628569908,0.0,,,,
1674628569913,,,0.0,
1674628569914,,0.0,,
1674628569916,0.0,,,
1674628570908,0.0,,,,
1674628570913,,,0.001875,
1674628570914,,0.0015,,
1674628570916,0.0,,,
1674628571908,0.0,,,,
1674628571913,,,0.0,
1674628571914,,0.0,,
1674628571916,0.0,,,
1674628572908,0.0,,,,
1674628572913,,,0.0,
1674628572914,,0.001625,,
1674628572916,0.001625,,,
1674628573908,0.0,,,,
1674628573913,,,0.002,
1674628573914,,0.0,,
1674628573916,0.0,,,
1674628574908,0.0,,,,
1674628574913,,,0.0,
1674628574914,,0.0,,
1674628574916,0.0,,,
1674628575908,0.0,,,,
1674628575913,,,0.0,
1674628575914,,0.0017517517517517517,,
1674628575916,0.0,,,
1674628576908,0.0,,,,
1674628576913,,,0.0,
1674628576914,,0.0,,
1674628576916,0.001875,,,
1674628577908,0.0,,,,
1674628577913,,,0.001875,
1674628577914,,0.001625,,
1674628577916,0.0,,,
1674628578908,0.0,,,,
1674628578913,,,0.0,
1674628578914,,0.0,,
1674628578916,0.0,,,
1674628579908,0.0,,,,
1674628579913,,,0.0,
1674628579914,,0.0,,
1674628579916,0.0,,,
1674628580908,0.0,,,,
1674628580913,,,0.0,
1674628580914,,0.0015,,
1674628580916,0.001875,,,
1674628581908,0.0,,,,
1674628581913,,,0.002,
1674628581914,,0.0,,
1674628581916,0.0,,,
1674628582908,0.0,,,,
1674628582913,,,0.0,
1674628582914,,0.001625,,
1674628582916,0.0,,,
1674628583908,0.0,,,,
1674628583913,,,0.0,
1674628583914,,0.0,,
1674628583916,0.00175,,,
1674628584908,0.0,,,,
1674628584913,,,0.001875,
1674628584914,,0.0,,
1674628584916,0.0,,,
1674628585908,0.0,,,,
1674628585913,,,0.0,
1674628585914,,0.003125,,
1674628585916,0.0,,,
1674628586908,0.0,,,,
1674628586913,,,0.0,
1674628586914,,0.0,,
1674628586916,0.0,,,
1674628587908,0.0,,,,
1674628587913,,,0.0,
1674628587914,,0.0,,
1674628587916,0.00175,,,
1674628588908,0.0,,,,
1674628588913,,,0.002,
1674628588914,,0.0,,
1674628588916,0.0,,,
1674628589908,0.0,,,,
1674628589913,,,0.0,
1674628589914,,0.001375,,
1674628589916,0.0,,,
1674628590908,0.0,,,,
1674628590913,,,0.0,
1674628590914,,0.0,,
1674628590915,0.0,,,
1674628591908,0.0,,,,
1674628591914,,0.0,0.0018731268731268732,
1674628591916,0.00175,,,
1674628592908,0.0,,,,
1674628592913,,,0.0,
1674628592914,,0.0,,
1674628592916,0.0,,,
1674628593908,0.0,,,,
1674628593913,,,0.0,
1674628593914,,0.001625,,
1674628593916,0.0,,,
1674628594908,0.0,,,,
1674628594913,,,0.002,
1674628594914,,0.0,,
1674628594915,0.0,,,
1674628595908,0.0,,,,
1674628595913,,,0.0,
1674628595914,,0.0,,
1674628595916,0.001875,,,
1674628596908,0.0,,,,
1674628596913,,,0.0,
1674628596914,,0.0,,
1674628596916,0.0,,,
1674628597908,0.0,,,,
1674628597913,,,0.0,
1674628597914,,0.001875,,
1674628597916,0.0,,,
1674628598908,0.0,,,,
1674628598913,,,0.001875,
1674628598914,,0.0,,
1674628598916,0.0,,,
1674628599908,0.0,,,,
1674628599913,,,0.0,
1674628599914,,0.0,,
1674628599916,0.001875,,,
1674628600908,0.0,,,,
1674628600913,,,0.0,
1674628600914,,0.0,,
1674628600916,0.0,,,
1674628601908,0.0,,,,
1674628601913,,,0.001875,
1674628601914,,0.00175,,
1674628601916,0.0,,,
1674628602908,0.0,,,,
1674628602913,,,0.0,
1674628602914,,0.0,,
1674628602916,0.00175,,,
1674628603908,0.0,,,,
1674628603913,,,0.0,
1674628603914,,0.0,,
1674628603916,0.0,,,
1674628604908,0.0,,,,
1674628604913,,,0.001875,
1674628604914,,0.0,,
1674628604916,0.0,,,
1674628605908,0.0,,,,
1674628605913,,,0.0,
1674628605914,,0.00175,,
1674628605916,0.0,,,
1674628606908,0.0,,,,
1674628606913,,,0.0,
1674628606914,,0.0,,
1674628606916,0.001875,,,
1674628607908,0.0,,,,
1674628607913,,,0.0,
1674628607914,,0.0,,
1674628607916,0.0,,,
1674628608908,0.0,,,,
1674628608913,,,0.001875,
1674628608914,,0.001875,,
1674628608916,0.0,,,
1674628609908,0.0,,,,
1674628609913,,,0.0,
1674628609914,,0.0,,
1674628609916,0.0,,,
1674628610908,0.0,,,,
1674628610913,,,0.0,
1674628610914,,0.0,,
1674628610916,0.001875,,,
1674628611908,0.0,,,,
1674628611913,,,0.001875,
1674628611914,,0.0,,
1674628611915,0.0,,,
1674628612908,0.0,,,,
1674628612913,,,0.0,
1674628612914,,0.00175,,
1674628612916,0.0,,,
1674628613908,0.0,,,,
1674628613913,,,0.0,
1674628613914,,0.0,,
1674628613915,0.0,,,
1674628614908,0.0,,,,
1674628614913,,,0.002,
1674628614914,,0.0,,
1674628614916,0.00175,,,
1674628615908,0.0,,,,
1674628615913,,,0.0,
1674628615914,,0.0,,
1674628615916,0.0,,,
1674628616908,0.0,,,,
1674628616913,,,0.0,
1674628616914,,0.001875,,
1674628616916,0.0,,,
1674628617908,0.0,,,,
1674628617913,,,0.001875,
1674628617914,,0.0,,
1674628617916,0.001875,,,
1674628618908,0.0,,,,
1674628618913,,,0.0,
1674628618914,,0.0,,
1674628618916,0.0,,,
1674628619908,0.0,,,,
1674628619913,,,0.0,
1674628619914,,0.0,,
1674628619916,0.0,,,
1674628620908,0.0,,,,
1674628620913,,,0.001875,
1674628620914,,0.00175,,
1674628620916,0.0,,,
1674628621908,0.0,,,,
1674628621913,,,0.0,
1674628621914,,0.0,,
1674628621916,0.001875,,,
1674628622908,0.0,,,,
1674628622913,,,0.0,
1674628622914,,0.0,,
1674628622916,0.0,,,
1674628623908,0.0,,,,
1674628623913,,,0.001875,
1674628623914,,0.0,,
1674628623916,0.0,,,
1674628624908,0.0,,,,
1674628624913,,,0.0,
1674628624914,,0.001875,,
1674628624915,0.0,,,
1674628625908,0.0,,,,
1674628625913,,,0.0,
1674628625914,,0.0,,
1674628625916,0.00175,,,
1674628626908,0.0,,,,
1674628626913,,,0.001875,
1674628626914,,0.0,,
1674628626916,0.0,,,
1674628627908,0.0,,,,
1674628627913,,,0.0,
1674628627928,0.0,,,
1674628627929,,0.0018472906403940886,,
1674628628908,0.0,,,,
1674628628913,,,0.0,
1674628628914,,0.0,,
1674628628916,0.0,,,
1674628629908,0.0,,,,
1674628629913,,,0.00175,
1674628629914,,0.0,,
1674628629916,0.001875,,,
1674628630908,0.0,,,,
1674628630913,,,0.0,
1674628630914,,0.0,,
1674628630916,0.0,,,
1674628631908,0.0,,,,
1674628631913,,,0.0,
1674628631914,,0.00175,,
1674628631916,0.0,,,
1674628632908,0.0,,,,
1674628632913,,,0.001875,
1674628632914,,0.0,,
1674628632916,0.001875,,,
1674628633908,0.0,,,,
1674628633913,,,0.0,
1674628633914,,0.0,,
1674628633916,0.0,,,
1674628634908,0.0,,,,
1674628634913,,,0.0,
1674628634914,,0.0,,
1674628634916,0.0,,,
1674628635908,0.0,,,,
1674628635913,,,0.001875,
1674628635914,,0.001875,,
1674628635916,0.0,,,
1674628636908,0.0,,,,
1674628636913,,,0.0,
1674628636914,,0.0,,
1674628636916,0.00175,,,
1674628637908,0.0,,,,
1674628637913,,,0.0,
1674628637914,,0.0,,
1674628637916,0.0,,,
1674628638908,0.0,,,,
1674628638913,,,0.001875,
1674628638914,,0.0,,
1674628638915,0.0,,,
1674628639908,0.0,,,,
1674628639913,,,0.0,
1674628639914,,0.00175,,
1674628639916,0.0,,,
1674628640908,0.0,,,,
1674628640915,,0.0,,
1674628640916,0.00175,,,
1674628640925,,,0.001976284584980237,
1674628641908,0.0,,,,
1674628641913,,,0.0,
1674628641914,,0.0,,
1674628641916,0.0,,,
1674628642908,0.0,,,,
1674628642913,,,0.0,
1674628642914,,0.0,,
1674628642916,0.0,,,
1674628643908,0.0,,,,
1674628643913,,,0.00175,
1674628643914,,0.001875,,
1674628643916,0.0,,,
1674628644908,0.0,,,,
1674628644913,,,0.0,
1674628644914,,0.0,,
1674628644916,0.001875,,,
1674628645908,0.0,,,,
1674628645913,,,0.0,
1674628645914,,0.0,,
1674628645915,0.0,,,
1674628646908,0.0,,,,
1674628646913,,,0.00175,
1674628646914,,0.0,,
1674628646916,0.0,,,
1674628647908,0.0,,,,
1674628647913,,,0.0,
1674628647914,,0.00175,,
1674628647916,0.00175,,,
1674628648908,0.0,,,,
1674628648913,,,0.0,
1674628648914,,0.0,,
1674628648915,0.0,,,
1674628649908,0.0,,,,
1674628649913,,,0.00175,
1674628649914,,0.0,,
1674628649915,0.0,,,
1674628650908,0.0,,,,
1674628650913,,,0.0,
1674628650914,,0.00175,,
1674628650915,0.0,,,
1674628651908,0.0,,,,
1674628651913,,,0.00175,
1674628651914,,0.0,,
1674628651916,0.00175,,,
1674628652908,0.0,,,,
1674628652913,,,0.0,
1674628652914,,0.0,,
1674628652916,0.0,,,
1674628653908,0.0,,,,
1674628653913,,,0.0,
1674628653914,,0.0,,
1674628653916,0.0,,,
1674628654908,0.0,,,,
1674628654913,,,0.00175,
1674628654914,,0.00175,,
1674628654916,0.0,,,
1674628655908,0.0,,,,
1674628655913,,,0.0,
1674628655914,,0.0,,
1674628655916,0.001875,,,
1674628656908,0.0,,,,
1674628656913,,,0.00175,
1674628656914,,0.0,,
1674628656915,0.0,,,
1674628657908,0.0,,,,
1674628657913,,,0.0,
1674628657914,,0.0,,
1674628657916,0.0,,,
1674628658908,0.0,,,,
1674628658913,,,0.0,
1674628658914,,0.00175,,
1674628658916,0.00175,,,
1674628659908,0.0,,,,
1674628659913,,,0.00175,
1674628659914,,0.0,,
1674628659915,0.0,,,
1674628660908,0.0,,,,
1674628660913,,,0.0,
1674628660914,,0.0,,
1674628660916,0.0,,,
1674628661908,0.0,,,,
1674628661913,,,0.00175,
1674628661914,,0.0,,
1674628661915,0.0,,,
1674628662908,0.0,,,,
1674628662913,,,0.0,
1674628662914,,0.001875,,
1674628662916,0.00175,,,
1674628663908,0.0,,,,
1674628663915,,0.0,,
1674628663916,0.0,,,
1674628663925,,,0.0018527667984189723,
1674628664908,0.0,,,,
1674628664913,,,0.0,
1674628664914,,0.0,,
1674628664915,0.0,,,
1674628665908,0.0,,,,
1674628665913,,,0.0,
1674628665914,,0.0,,
1674628665916,0.0,,,
1674628666908,0.0,,,,
1674628666913,,,0.00175,
1674628666914,,0.00175,,
1674628666916,0.002,,,
1674628667908,0.0,,,,
1674628667913,,,0.0,
1674628667914,,0.0,,
1674628667915,0.0,,,
1674628668908,0.0,,,,
1674628668913,,,0.003,
1674628668914,,0.0,,
1674628668916,0.0,,,
1674628669908,0.0,,,,
1674628669913,,,3.75E-4,
1674628669914,,0.0,,
1674628669916,0.00175,,,
1674628670908,0.0,,,,
1674628670913,,,0.0,
1674628670914,,0.001875,,
1674628670915,0.0,,,
1674628671908,0.0,,,,
1674628671913,,,0.0,
1674628671914,,0.0,,
1674628671916,0.0,,,
1674628672909,0.0,,,,
1674628672913,,,0.0015,
1674628672914,,0.0,,
1674628672916,0.00175,,,
1674628673908,0.0,,,,
1674628673913,,,0.0,
1674628673914,,0.00175,,
1674628673916,0.0,,,
1674628674908,0.0,,,,
1674628674913,,,0.0,
1674628674914,,0.0,,
1674628674916,0.0,,,
1674628675908,0.0,,,,
1674628675913,,,0.0,
1674628675914,,0.0,,
1674628675916,0.0,,,
1674628676908,0.0,,,,
1674628676913,,,0.00175,
1674628676914,,0.0,,
1674628676915,0.00175,,,
1674628677908,0.0,,,,
1674628677913,,,0.0,
1674628677914,,0.00175,,
1674628677915,0.0,,,
1674628678908,0.0,,,,
1674628678913,,,0.0,
1674628678914,,0.0,,
1674628678916,0.0,,,
1674628679908,0.0,,,,
1674628679913,,,0.0,
1674628679914,,0.0,,
1674628679916,0.00175,,,
1674628680908,0.0,,,,
1674628680913,,,0.001875,
1674628680914,,0.0,,
1674628680916,0.0,,,
1674628681908,0.0,,,,
1674628681913,,,0.0,
1674628681914,,0.00175,,
1674628681916,0.0,,,
1674628682908,0.0,,,,
1674628682913,,,0.0,
1674628682914,,0.0,,
1674628682915,0.0,,,
1674628683908,0.0,,,,
1674628683913,,,0.0,
1674628683914,,0.0,,
1674628683916,0.00175,,,
1674628684908,0.0,,,,
1674628684913,,,0.002,
1674628684914,,0.00175,,
1674628684915,0.0,,,
1674628685908,0.0,,,,
1674628685913,,,0.0,
1674628685914,,0.0,,
1674628685915,0.0,,,
1674628686908,0.0,,,,
1674628686913,,,0.0,
1674628686914,,0.0,,
1674628686916,0.001875,,,
1674628687908,0.0,,,,
1674628687913,,,0.002,
1674628687914,,0.0,,
1674628687916,0.0,,,
1674628688908,0.0,,,,
1674628688913,,,0.0,
1674628688914,,0.00175,,
1674628688916,0.0,,,
1674628689908,0.0,,,,
1674628689913,,,0.0,
1674628689914,,0.0,,
1674628689916,0.001625,,,
1674628690908,0.0,,,,
1674628690913,,,0.0,
1674628690914,,0.0,,
1674628690916,0.0,,,
1674628691908,0.0,,,,
1674628691913,,,0.002,
1674628691914,,0.0,,
1674628691916,0.0,,,
1674628692909,0.0,,,,
1674628692913,,,0.0,
1674628692914,,0.001875,,
1674628692916,0.001875,,,
1674628693908,0.0,,,,
1674628693913,,,0.0,
1674628693914,,0.0,,
1674628693916,0.0,,,
1674628694908,0.0,,,,
1674628694913,,,0.0,
1674628694914,,0.0,,
1674628694916,0.0,,,
1674628695908,0.0,,,,
1674628695913,,,0.001875,
1674628695914,,0.00175,,
1674628695916,0.0,,,
1674628696908,0.0,,,,
1674628696913,,,0.0,
1674628696914,,0.0,,
1674628696916,0.00175,,,
1674628697908,0.0,,,,
1674628697913,,,0.0,
1674628697914,,0.0,,
1674628697916,0.0,,,
1674628698908,0.0,,,,
1674628698913,,,0.002,
1674628698914,,0.0,,
1674628698916,0.0,,,
1674628699908,0.0,,,,
1674628699913,,,0.0,
1674628699914,,0.00175,,
1674628699916,0.00175,,,
1674628700908,0.0,,,,
1674628700913,,,0.0,
1674628700914,,0.0,,
1674628700916,0.0,,,
1674628701908,0.0,,,,
1674628701913,,,0.0,
1674628701917,0.0,,,
1674628701918,,0.0,,
1674628702908,0.0,,,,
1674628702913,,,0.001875,
1674628702914,,0.0017570281124497991,,
1674628702916,0.0017535070140280561,,,
1674628703908,0.0,,,,
1674628703913,,,0.0,
1674628703914,,0.0,,
1674628703915,0.0,,,
1674628704908,0.0,,,,
1674628704913,,,0.0,
1674628704914,,0.0,,
1674628704915,0.0,,,
1674628705908,0.0,,,,
1674628705913,,,0.0,
1674628705914,,0.0,,
1674628705915,0.001625,,,
1674628706908,0.0,,,,
1674628706913,,,0.002,
1674628706914,,0.001875,,
1674628706915,0.0,,,
1674628707908,0.0,,,,
1674628707913,,,0.0,
1674628707914,,0.0,,
1674628707916,0.0,,,
1674628708908,0.0,,,,
1674628708913,,,0.0,
1674628708914,,0.0,,
1674628708916,0.00175,,,
1674628709909,0.0,,,,
1674628709913,,,0.002,
1674628709914,,0.001625,,
1674628709915,0.0,,,
1674628710908,0.0,,,,
1674628710913,,,0.0,
1674628710914,,0.0,,
1674628710915,0.0,,,
1674628711908,0.0,,,,
1674628711913,,,0.0,
1674628711914,,0.0,,
1674628711916,0.00175,,,
1674628712908,0.0,,,,
1674628712913,,,0.0,
1674628712914,,0.00175,,
1674628712916,0.0,,,
1674628713908,0.0,,,,
1674628713913,,,0.001875,
1674628713914,,0.0,,
1674628713915,0.0,,,
1674628714908,0.0,,,,
1674628714913,,,0.0,
1674628714914,,0.0,,
1674628714916,0.00175,,,
1674628715908,0.0,,,,
1674628715913,,,0.0,
1674628715914,,0.0,,
1674628715915,0.0,,,
1674628716908,0.0,,,,
1674628716913,,,0.0,
1674628716914,,0.00175,,
1674628716915,0.0,,,
1674628717908,0.0,,,,
1674628717913,,,0.002,
1674628717914,,0.0,,
1674628717916,0.001625,,,
1674628718908,0.0,,,,
1674628718913,,,0.0,
1674628718914,,0.0,,
1674628718916,0.0,,,
1674628719908,0.0,,,,
1674628719913,,,0.0,
1674628719914,,0.00175,,
1674628719916,0.0,,,
1674628720908,0.0,,,,
1674628720913,,,0.0,
1674628720914,,0.0,,
1674628720916,0.00175,,,
1674628721908,0.0,,,,
1674628721913,,,0.002,
1674628721914,,0.0,,
1674628721915,0.0,,,
1674628722908,0.0,,,,
1674628722914,,0.00175,0.0,
1674628722915,0.0,,,
1674628723908,0.0,,,,
1674628723913,,,0.0,
1674628723914,,0.0,,
1674628723915,0.001625,,,
1674628724908,0.0,,,,
1674628724913,,,0.001875,
1674628724914,,0.0,,
1674628724915,0.0,,,
1674628725908,0.0,,,,
1674628725913,,,0.0,
1674628725914,,0.00175,,
1674628725915,0.001625,,,
1674628726908,0.0,,,,
1674628726913,,,0.0,
1674628726914,,0.0,,
1674628726916,0.0,,,
1674628727908,0.0,,,,
1674628727913,,,0.0,
1674628727914,,0.0,,
1674628727916,0.0,,,
1674628728908,0.0,,,,
1674628728913,,,0.002,
1674628728914,,0.00175,,
1674628728916,0.00175,,,
1674628729908,0.0,,,,
1674628729913,,,0.0,
1674628729914,,0.0,,
1674628729915,0.0,,,
1674628730908,0.0,,,,
1674628730913,,,0.0,
1674628730914,,0.0,,
1674628730915,0.0,,,
1674628731908,0.0,,,,
1674628731913,,,0.0,
1674628731914,,0.0,,
1674628731916,0.001625,,,
1674628732909,6.25E-4,,,,
1674628732913,,,0.001875,
1674628732914,,0.00175,,
1674628732916,0.0,,,
1674628732968,0,,,
1674628732970,,0,,
1674628732973,,,0,
1674628732975,0,