Timestamp,Slave 0,Slave 1,Slave 2,
1674188875733,103868,,,,
1674188875785,,324644,,
1674188875805,,,328068,
1674188875816,329864,,,
1674188876730,103976,,,,
1674188876735,,328652,,
1674188876749,,,332172,
1674188876779,334248,,,
1674188877764,103976,,,,
1674188877803,,338208,,
1674188877807,345152,,,
1674188877816,,,338776,
1674188878716,103976,,,,
1674188878721,,377184,,
1674188878726,,,362304,
1674188878727,364520,,,
1674188879716,400796,,,
1674188879721,,409908,,
1674188879732,103976,,,,
1674188879757,,,398680,
1674188880712,406648,,,
1674188880756,103976,,,,
1674188880763,,,435580,
1674188880773,,434724,,
1674188881733,418772,,,
1674188881761,,,479200,
1674188881767,103976,,,,
1674188881771,,435000,,
1674188882716,419204,,,
1674188882730,,436964,,
1674188882743,104240,,,511416,
1674188883732,104340,,,,
1674188883760,,451028,,
1674188883763,468876,,,
1674188883785,,,513380,
1674188884696,104340,,,,
1674188884714,470888,497084,,
1674188884721,,,514460,
1674188885710,104340,,,,
1674188885718,,497664,516252,
1674188885732,471156,,,
1674188886724,471716,,,
1674188886738,104344,,,,
1674188886741,,498028,,
1674188886742,,,518364,
1674188887684,104344,,,,
1674188887688,,498304,,
1674188887696,526712,,573280,
1674188888696,527292,,,
1674188888700,104636,,,,
1674188888701,,552544,,
1674188888713,,,630196,
1674188889777,,,639712,
1674188889784,104636,,,,
1674188889797,,557996,,
1674188889799,532612,,,
1674188890703,104744,,,,
1674188890725,,,640280,
1674188890804,,558956,,
1674188890814,540740,,,
1674188891721,104744,,,,
1674188891725,,564540,,
1674188891730,,,641140,
1674188891750,601828,,,
1674188892819,,615024,,
1674188892820,104744,,,,
1674188892851,,,679860,
1674188892869,608576,,,
1674188893694,104744,,,,
1674188893698,,,680244,
1674188893705,,616512,,
1674188893708,609300,,,
1674188894733,104744,,,,
1674188894743,,,679924,
1674188894752,,620364,,
1674188894812,617848,,,
1674188895741,,,681352,
1674188895769,,622044,,
1674188895771,104836,,,,
1674188895774,629856,,,
1674188896690,104836,,,,
1674188896705,,,683128,
1674188896723,676456,,,
1674188896733,,657524,,
1674188897692,,658004,,
1674188897696,,,698868,
1674188897700,676808,,,
1674188897706,104836,,,,
1674188898682,104836,,,,
1674188898690,,658332,,
1674188898700,676808,,,
1674188898703,,,698896,
1674188899682,104836,,,,
1674188899687,,659704,,
1674188899693,680560,,,
1674188899699,,,693892,
1674188900694,,757976,,
1674188900696,104836,,,,
1674188900699,760548,,,
1674188900706,,,702332,
1674188901682,104924,,,,
1674188901691,760548,,,
1674188901700,,868588,,
1674188901701,,,702332,
1674188902684,104924,,,,
1674188902685,,973396,,
1674188902697,,,702408,
1674188902703,760612,,,
1674188903677,104924,,,,
1674188903688,,1089292,,
1674188903697,765100,,,
1674188903705,,,750184,
1674188904685,104924,,,,
1674188904689,,1084632,,
1674188904703,,,750184,
1674188904708,883984,,,
1674188905679,105008,,,,
1674188905703,,1084632,,
1674188905705,,,750252,
1674188905709,883984,,,
1674188906680,105008,,,,
1674188906693,884056,,,
1674188906702,,,763980,
1674188906707,,1086568,,
1674188907678,105008,,,,
1674188907692,884320,,,
1674188907694,,1086568,,
1674188907712,,,845876,
1674188908693,887304,,,
1674188908700,,1087096,,
1674188908705,105008,,,,
1674188908712,,,845960,
1674188909685,,1092252,,
1674188909690,105008,,,,
1674188909710,962276,,,
1674188909711,,,846096,
1674188910685,104708,,,,
1674188910692,,1091860,,
1674188910697,1057928,,,
1674188910705,,,845704,
1674188911682,104684,,,,
1674188911687,,1091920,,
1674188911693,1156448,,,
1674188911695,,,881844,
1674188912684,104676,,,,
1674188912685,,1091936,,
1674188912692,1267064,,,
1674188912696,,,974884,
1674188913682,104676,,,,
1674188913694,,1091936,,
1674188913702,,,1073156,
1674188913704,1267064,,,
1674188914684,104676,,1092200,,
1674188914695,1267064,,,
1674188914696,,,1168988,
1674188915680,104676,,,,
1674188915691,,1104608,,
1674188915693,1267068,,,
1674188915699,,,1260692,
1674188916679,104676,,,,
1674188916689,,1260556,,
1674188916694,1267068,,,
1674188916698,,,1260692,
1674188917678,104764,,,,
1674188917693,,1260556,,
1674188917697,1269180,,,
1674188917703,,,1260764,
1674188918688,104764,,,,
1674188918701,,1260612,,
1674188918708,1269972,,,
1674188918734,,,1260772,
1674188919682,,1260612,,
1674188919685,104764,,,,
1674188919691,1270236,,,
1674188919693,,,1262092,
1674188920677,104764,,,,
1674188920683,,1260696,,
1674188920694,,,1262388,
1674188920696,1280624,,,
1674188921682,104764,,,,
1674188921687,,1260696,,
1674188921696,1280624,,,
1674188921698,,,1262916,
1674188922678,104764,,,,
1674188922686,,1260696,,
1674188922688,1280624,,,
1674188922701,,,1272948,
1674188923679,104764,,,,
1674188923695,1280696,,,
1674188923705,,,1272948,
1674188923710,,1272312,,
1674188924677,104764,,,,
1674188924692,1280696,,,
1674188924697,,1272312,,
1674188924699,,,1272948,
1674188925681,104764,,,,
1674188925694,,1272388,,
1674188925696,1280696,,,
1674188925699,,,1273004,
1674188926681,104764,,,,
1674188926689,,1272388,,
1674188926692,1280740,,,
1674188926701,,,1273004,
1674188927680,104764,,,,
1674188927687,,1272388,,
1674188927688,1289188,,,
1674188927695,,,1273004,
1674188928684,,1272388,,
1674188928686,104876,,,,
1674188928694,1289188,,,
1674188928700,,,1273004,
1674188929693,104948,,,,
1674188929698,,1272388,,
1674188929702,1289248,,,
1674188929703,,,1281788,
1674188930679,104948,,,,
1674188930688,1289284,1280308,,
1674188930694,,,1281788,
1674188931684,,1280308,,
1674188931685,104948,,,,
1674188931690,1289284,,,
1674188931701,,,1281788,
1674188932682,104948,,,,
1674188932684,,1280308,,
1674188932693,,,1281856,
1674188932694,1289284,,,
1674188933679,104948,,,,
1674188933686,,1280308,,
1674188933693,1289380,,,
1674188933699,,,1281856,
1674188934680,104948,,,,
1674188934694,1296444,,,
1674188934696,,1280308,,
1674188934701,,,1281860,
1674188935685,104948,,,,
1674188935695,,,1282704,
1674188935698,,1281224,,
1674188935710,1296444,,,
1674188936682,105032,,,,
1674188936687,,1281228,,
1674188936704,1296444,,,
1674188936715,,,1290084,
1674188937682,105032,,,,
1674188937687,,1288884,,
1674188937690,1296500,,,
1674188937693,,,1290084,
1674188938678,105032,,,,
1674188938687,1296692,1288884,,
1674188938698,,,1290084,
1674188939680,105032,,,,
1674188939688,,1288884,,
1674188939696,,,1290084,
1674188939702,1296692,,,
1674188940682,105032,,,,
1674188940683,,1289144,,
1674188940699,1296692,,,
1674188940712,,,1290084,
1674188941684,105032,,,,
1674188941694,,,1290084,
1674188941697,1303292,,,
1674188941700,,1289144,,
1674188942680,105032,,,,
1674188942684,,1289144,,
1674188942694,1303292,,1290232,
1674188943684,105032,,,,
1674188943692,,1289252,,
1674188943698,1303292,,,
1674188943708,,,1296612,
1674188944682,105032,,,,
1674188944694,1303292,,,
1674188944699,,1296736,,
1674188944703,,,1296780,
1674188945679,105032,,,,
1674188945686,1303368,,,
1674188945692,,1296736,,
1674188945703,,,1296956,
1674188946681,105032,,,,
1674188946685,,1296812,,
1674188946694,,,1296956,
1674188946698,1303496,,,
1674188947688,105032,,,,
1674188947694,,1296812,,
1674188947696,1304316,,,
1674188947698,,,1296956,
1674188948679,105112,,,,
1674188948684,,1297320,,
1674188948693,1312140,,,
1674188948694,,,1297088,
1674188949696,,,1294400,
1674188949702,105392,1311808,,,
1674188949705,,1294476,,
1674188950690,105392,,1294476,,
1674188950696,1311808,,,
1674188950700,,,1294400,
1674188951678,105488,,,,
1674188951683,,1295260,,
1674188951689,1311808,,,
1674188951700,,,1294472,
1674188952682,105488,,,,
1674188952691,1311808,,,
1674188952693,,,1295312,
1674188952699,,1295260,,
1674188953706,,1296384,,
1674188953743,110084,,,,
1674188953751,1320968,,,
1674188953764,,,1296592,
1674188954678,110084,,,,
1674188954685,,1296464,,
1674188954690,1323212,,,
1674188954706,,,1297892,
1674188955681,110084,,,,
1674188955692,,1296464,,
1674188955697,1323212,,,
1674188955708,,,1297892,
1674188956677,110348,,,,
1674188956686,,1319344,,
1674188956707,,,1313996,
1674188956726,1339380,,,
1674188957682,110348,,,,
1674188957700,,1319344,,
1674188957706,1339456,,,
1674188957718,,,1313996,
1674188958683,,1319344,,
1674188958686,110424,,,,
1674188958697,,,1313996,
1674188958701,1339456,,,
1674188959682,110424,,,,
1674188959689,,1319344,,
1674188959719,,,1310096,
1674188959732,1333376,,,
1674188960680,110424,,,,
1674188960688,1333444,,,
1674188960695,,1319428,,
1674188960700,,,1310244,
1674188961687,,1319428,,
1674188961689,1333444,,,
1674188961690,110424,,,,
1674188961695,,,1310244,
1674188962710,106372,,,,
1674188962729,,,1310244,
1674188962732,1333444,,,
1674188962736,,1319428,,
1674188963682,106372,,,,
1674188963689,,1319428,,
1674188963693,1334764,,,
1674188963696,,,1310244,
1674188964684,106372,,,,
1674188964695,,,1310244,
1674188964703,1334764,,,
1674188964710,,1319428,,
1674188965687,106448,,,,
1674188965689,1334764,1319428,,
1674188965711,,,1310244,
1674188966690,106448,,,,
1674188966700,,1319428,,
1674188966714,,,1310308,
1674188966727,1334764,,,
1674188967684,,1319428,,
1674188967697,,,1310308,
1674188967702,1334764,,,
1674188967704,111992,,,,
1674188968684,111992,,,,
1674188968689,,1319428,,
1674188968698,1334820,,,
1674188968708,,,1310308,
1674188969695,111992,,,,
1674188969703,1334820,,,
1674188969714,,,1310308,
1674188969719,,1319428,,
1674188970677,112256,,,,
1674188970692,,1319428,,
1674188970696,1334820,,,
1674188970700,,,1310308,
1674188971682,112256,,,,
1674188971690,1334820,,,
1674188971697,,,1310388,
1674188971701,,1319564,,
1674188972679,112256,,,,
1674188972684,,1319564,,
1674188972690,1334820,,,
1674188972693,,,1310388,
1674188973679,117004,,,,
1674188973686,,1319564,,
1674188973690,1334820,,,
1674188973699,,,1310388,
1674188974681,117004,,,,
1674188974686,,1319564,,
1674188974692,1334820,,,
1674188974702,,,1310388,
1674188975679,117004,,,,
1674188975690,1334820,1319564,,
1674188975697,,,1310388,
1674188976690,,1319564,,
1674188976697,117004,,,,
1674188976700,1334820,,,
1674188976712,,,1310388,
1674188977682,117004,,,,
1674188977698,,1320420,,
1674188977700,1334820,,,
1674188977740,,,1310388,
1674188978677,117004,,,,
1674188978687,1334820,,,
1674188978698,,,1310388,
1674188978704,,1320420,,
1674188979691,117004,,,,
1674188979696,1334820,,,
1674188979699,,1320420,,
1674188979705,,,1310388,
1674188980680,117004,,,,
1674188980683,,1320420,,
1674188980687,1334900,,,
1674188980696,,,1310388,
1674188981685,117004,,,,
1674188981705,,1320420,,
1674188981711,,,1310388,
1674188981712,1334900,,,
1674188982681,117004,,,,
1674188982686,,1320420,,
1674188982690,1334900,,,
1674188982697,,,1310388,
1674188983689,117004,,,,
1674188983690,,1320420,,
1674188983700,1334900,,,
1674188983704,,,1310388,
1674188984685,117004,,,,
1674188984693,,1320948,1310388,
1674188984694,1334900,,,
1674188985679,117004,,,,
1674188985694,,1320948,,
1674188985695,1335428,,,
1674188985710,,,1310388,
1674188986680,117004,,,,
1674188986687,,1320948,,
1674188986691,1335428,,,
1674188986696,,,1310388,
1674188987695,117088,,,,
1674188987697,1335428,,,
1674188987698,,1320948,,
1674188987722,,,1310388,
1674188988685,117088,,,,
1674188988691,,1320948,,
1674188988710,1335428,,1310388,
1674188989683,117088,,,,
1674188989691,1335428,,,
1674188989700,,1320948,,
1674188989701,,,1310440,
1674188990684,117088,,,,
1674188990692,1335428,,,
1674188990706,,,1310440,
1674188990714,,1320948,,
1674188991683,117088,,,,
1674188991685,,1321296,,
1674188991693,1335428,,1310440,
1674188992684,,1321296,,
1674188992685,117088,,,,
1674188992693,,,1310704,
1674188992704,1335692,,,
1674188993681,117088,,,,
1674188993686,,1321296,,
1674188993698,1335692,,,
1674188993701,,,1310704,
1674188994677,117088,,,,
1674188994687,,1321312,,
1674188994695,,,1310780,
1674188994698,1335692,,,
1674188995681,117088,,,,
1674188995689,,1321480,,
1674188995692,1335764,,,
1674188995695,,,1310796,
1674188996685,117088,,,,
1674188996698,,1321480,,
1674188996699,,,1310796,
1674188996715,1335764,,,
1674188997677,117088,,,,
1674188997684,,1322008,,
1674188997691,1335792,,1310796,
1674188998677,117088,,,,
1674188998684,,1322008,,
1674188998694,1335792,,1310796,
1674188999681,117088,,,,
1674188999688,,1322008,,
1674188999689,1336056,,,
1674188999697,,,1310796,
1674189000684,117088,,,,
1674189000700,,,1310796,
1674189000701,,1322052,,
1674189000721,1336056,,,
1674189001692,1336056,,,
1674189001695,117088,,,,
1674189001701,,,1310796,
1674189001704,,1322052,,
1674189002678,117188,,,,
1674189002688,,1322124,,
1674189002694,1336056,,1310796,
1674189003682,117188,,,,
1674189003694,,1322124,1310796,
1674189003698,1336056,,,
1674189004683,117188,,,,
1674189004697,,1322124,,
1674189004702,1336056,,,
1674189004706,,,1310796,
1674189005690,,1322124,,
1674189005692,1336056,,,
1674189005696,117188,,,,
1674189005706,,,1310796,
1674189006685,117188,,,,
1674189006689,1336056,,,
1674189006690,,1322124,,
1674189006701,,,1311060,
1674189007676,117188,,,,
1674189007686,,1322124,,
1674189007692,1336056,,,
1674189007699,,,1311060,
1674189008683,117188,,,,
1674189008697,,1322124,1311060,
1674189008702,1336056,,,
1674189009676,117188,,,,
1674189009683,,1322680,,
1674189009691,1336436,,,
1674189009692,,,1311632,
1674189010688,117268,,,,
1674189010692,,1322680,,
1674189010702,,,1311952,
1674189010719,1336512,,,
1674189011682,117268,,,,
1674189011696,1336512,,,
1674189011697,,1324000,,
1674189011704,,,1311952,
1674189012675,117268,,,,
1674189012683,,1324000,,
1674189012685,1336604,,,
1674189012691,,,1311952,
1674189013680,117268,,,,
1674189013684,,1324068,,
1674189013691,1336604,,,
1674189013694,,,1313536,
1674189014688,117268,,,,
1674189014689,1337396,,,
1674189014691,,1324068,,
1674189014716,,,1313536,
1674189015683,117268,,,,
1674189015694,,1324068,,
1674189015700,,,1313536,
1674189015708,1337396,,,
1674189016687,117268,,,,
1674189016689,1337396,,,
1674189016693,,1324068,,
1674189016700,,,1313536,
1674189017676,117268,,,,
1674189017684,,1324068,,
1674189017692,,,1313536,
1674189017698,1337396,,,
1674189018687,117268,,,,
1674189018690,1337396,,,
1674189018701,,1324068,1313536,
1674189019680,117268,,,,
1674189019685,,1324068,,
1674189019687,1337396,,,
1674189019697,,,1313536,
1674189020679,117268,,,,
1674189020694,,1324068,,
1674189020704,,,1313536,
1674189020706,1337396,,,
1674189021677,117268,,,,
1674189021685,,1324068,,
1674189021688,1337660,,,
1674189021695,,,1313536,
1674189022681,117268,,,,
1674189022685,,1324068,,
1674189022697,1337660,,,
1674189022699,,,1313536,
1674189023680,117268,,,,
1674189023690,,1324068,,
1674189023693,,,1313536,
1674189023696,1337660,,,
1674189024679,117268,,,,
1674189024689,1337660,,,
1674189024699,,,1313536,
1674189024703,,1324068,,
1674189025686,117268,,,,
1674189025691,,1324596,,
1674189025700,1337660,,,
1674189025701,,,1313536,
1674189026677,117268,,,,
1674189026689,1337660,,,
1674189026690,,1324596,,
1674189026698,,,1313536,
1674189027683,,1324596,,
1674189027685,117268,,,,
1674189027694,1337660,,,
1674189027713,,,1314328,
1674189028681,117268,,,,
1674189028687,1337924,,,
1674189028689,,1324596,,
1674189028695,,,1314328,
1674189029687,117268,,1324672,,
1674189029703,1337924,,,
1674189029710,,,1314328,
1674189030691,117268,,,,
1674189030697,1337924,1324672,,
1674189030708,,,1314328,
1674189031678,117268,,,,
1674189031685,,1324672,,
1674189031691,1337924,,,
1674189031706,,,1314328,
1674189032679,117268,,,,
1674189032686,,1324936,,
1674189032694,1337924,,,
1674189032699,,,1314328,
1674189033681,,1324936,,
1674189033682,117268,,,,
1674189033689,1337924,,,
1674189033708,,,1314328,
1674189034686,117268,,,,
1674189034694,1337924,,,
1674189034695,,1324936,,
1674189034696,,,1314376,
1674189035680,117268,,,,
1674189035686,,1324936,,
1674189035693,,,1314376,
1674189035694,1338188,,,
1674189036689,117268,,,,
1674189036704,,1324936,,
1674189036711,,,1314376,
1674189036712,1338188,,,
1674189037683,117268,,1324936,,
1674189037691,1338188,,,
1674189037698,,,1314376,
1674189038694,117268,,,,
1674189038701,,,1314376,
1674189038702,1338188,,,
1674189038721,,1325728,,
1674189039685,117268,,,,
1674189039687,,1325728,,
1674189039693,1338188,,,
1674189039706,,,1314376,
1674189040679,117268,,,,
1674189040689,,1325728,,
1674189040692,1338188,,,
1674189040694,,,1314376,
1674189041677,117268,,,,
1674189041689,1338188,,,
1674189041701,,1325728,,
1674189041702,,,1315168,
1674189042681,117268,,,,
1674189042697,1338980,,,
1674189042699,,1325728,1315168,
1674189043678,117268,,,,
1674189043697,,1325728,,
1674189043699,1338980,,,
1674189043707,,,1315168,
1674189044675,117268,,,,
1674189044698,,1325728,,
1674189044699,1338980,,,
1674189044701,,,1315168,
1674189045678,117268,,,,
1674189045690,,1325728,,
1674189045711,1338980,,,
1674189045713,,,1315168,
1674189046679,117268,,,,
1674189046688,1338980,,,
1674189046695,,1325728,,
1674189046700,,,1315240,
1674189047679,117268,,,,
1674189047683,,1325728,,
1674189047692,1338980,,1315240,
1674189048684,117268,,,,
1674189048693,,1325728,,
1674189048704,,,1315768,
1674189048707,1338980,,,
1674189049702,,1325808,1315768,
1674189049703,1339884,,,
1674189049708,117268,,,,
1674189050723,,1325808,,
1674189050725,117268,,,,
1674189050735,1339884,,,
1674189050742,,,1315768,
1674189051682,117268,,,,
1674189051691,1339884,1325808,,
1674189051694,,,1315768,
1674189052691,117268,,,,
1674189052700,1339884,1333200,,
1674189052703,,,1315768,
1674189053688,,1333200,,
1674189053692,117268,,,,
1674189053696,1339960,,,
1674189053698,,,1315768,
1674189054686,117268,,,,
1674189054688,,1333200,,
1674189054699,1339960,,,
1674189054701,,,1315768,
1674189055682,117268,,,,
1674189055714,1339960,,,
1674189055721,,1333200,,
1674189055729,,,1322896,
1674189056681,117268,,,,
1674189056693,,1333200,,
1674189056695,1339960,,,
1674189056704,,,1322896,
1674189057680,117268,,,,
1674189057687,,1333200,,
1674189057697,1345500,,,
1674189057713,,,1322896,
1674189058676,117268,,,,
1674189058687,1345500,,,
1674189058688,,1333276,,
1674189058700,,,1322896,
1674189059707,,1333276,,
1674189059710,117268,,,,
1674189059711,,,1322896,
1674189059715,1345500,,,
1674189060696,1345500,,,
1674189060704,,,1322896,
1674189060709,117268,,,,
1674189060710,,1340668,,
1674189061680,117268,,,,
1674189061684,,1340668,,
1674189061691,1345500,,,
1674189061696,,,1322896,
1674189062680,117268,,,,
1674189062686,,1340668,,
1674189062689,1345500,,,
1674189062701,,,1322956,
1674189063680,117268,,,,
1674189063687,,1340668,,
1674189063688,1345500,,,
1674189063697,,,1329292,
1674189064684,117268,,,,
1674189064692,,1340668,,
1674189064694,1351836,,,
1674189064703,,,1329292,
1674189065680,117268,,,,
1674189065687,,1340668,,
1674189065689,1351836,,,
1674189065696,,,1329292,
1674189066683,117268,,,,
1674189066691,1351836,,,
1674189066693,,1340668,,
1674189066698,,,1329292,
1674189067675,117268,,,,
1674189067686,1351836,,,
1674189067687,,1348324,,
1674189067698,,,1329292,
1674189068684,117268,,,,
1674189068688,1351864,1348324,,
1674189068702,,,1329292,
1674189069678,117268,,,,
1674189069683,,1348324,,
1674189069687,1351864,,,
1674189069694,,,1329292,
1674189070687,,1348324,,
1674189070692,117268,,,,
1674189070696,1351864,,,
1674189070705,,,1336156,
1674189071678,117268,,,,
1674189071687,,1348324,,
1674189071698,1351864,,,
1674189071707,,,1336156,
1674189072687,117348,,,,
1674189072692,1358728,1348324,,
1674189072702,,,1336156,
1674189073683,117348,,,,
1674189073684,,1348324,,
1674189073692,,,1336188,
1674189073696,1358728,,,
1674189074685,117348,,,,
1674189074686,,1355716,,
1674189074689,1358728,,,
1674189074697,,,1336264,
1674189075681,117348,,,,
1674189075683,,1355716,,
1674189075689,1358728,,,
1674189075694,,,1336264,
1674189076677,117348,,,,
1674189076691,1358728,,,
1674189076696,,1355716,,
1674189076707,,,1336264,
1674189077677,117348,,,,
1674189077683,,1355716,,
1674189077687,1358728,,,
1674189077695,,,1343128,
1674189078677,117348,,,,
1674189078685,,1355788,,
1674189078691,1358764,,,
1674189078699,,,1343128,
1674189079681,117348,,,,
1674189079687,,1355788,,
1674189079690,1364836,,,
1674189079701,,,1343128,
1674189080680,117348,,,,
1674189080696,,1355776,,
1674189080700,1364836,,,
1674189080701,,,1343128,
1674189081678,117348,,,,
1674189081689,1364836,,,
1674189081690,,1362904,,
1674189081704,,,1343128,
1674189082677,117348,,,,
1674189082687,,1362904,,
1674189082690,1364836,,,
1674189082726,,,1343128,
1674189083687,,1362904,,
1674189083688,117348,,,,
1674189083703,,,1343128,
1674189083706,1364836,,,
1674189084680,117348,,,,
1674189084688,,1362904,,
1674189084695,,,1350256,
1674189084696,1364836,,,
1674189085681,117348,,,,
1674189085688,,1362904,,
1674189085701,1364836,,,
1674189085711,,,1350256,
1674189086676,117348,,,,
1674189086687,,1362904,,
1674189086704,,,1350328,
1674189086711,1371436,,,
1674189087678,117348,,,,
1674189087684,,1362904,,
1674189087688,1371436,,,
1674189087702,,,1350328,
1674189088680,117348,,,,
1674189088687,1371436,,,
1674189088693,,1370352,,
1674189088695,,,1350328,
1674189089677,117348,,,,
1674189089687,,1370352,,
1674189089688,1371436,,,
1674189089691,,,1350328,
1674189090679,117348,,,,
1674189090690,,1370352,,
1674189090703,,,1350328,
1674189090719,1371436,,,
1674189091678,117348,,,,
1674189091683,,1370352,,
1674189091693,,,1356664,
1674189091695,1371436,,,
1674189092681,117348,,,,
1674189092695,,1370352,,
1674189092696,1371436,,,
1674189092701,,,1356664,
1674189093683,117352,,,,
1674189093695,1378036,,,
1674189093703,,1370352,,
1674189093706,,,1356664,
1674189094682,117352,,,,
1674189094688,,1378008,,
1674189094692,1378036,,,
1674189094700,,,1356664,
1674189095684,117352,,,,
1674189095698,1378036,,,
1674189095701,,,1356664,
1674189095708,,1378008,,
1674189096676,117616,,,,
1674189096685,,1378008,,
1674189096693,,,1356664,
1674189096697,1378036,,,
1674189097682,117616,,,,
1674189097698,1378036,,,
1674189097706,,,1356664,
1674189097710,,1378008,,
1674189098686,,1378008,,
1674189098690,117616,1378036,,,
1674189098700,,,1363264,
1674189099678,117616,,,,
1674189099691,1378036,,,
1674189099694,,1378088,,
1674189099696,,,1363264,
1674189100689,117616,,,,
1674189100702,1384636,,,
1674189100710,,,1363264,
1674189100711,,1378088,,
1674189101675,117616,,,,
1674189101685,,1385480,,
1674189101693,1384636,,,
1674189101697,,,1363264,
1674189102679,117700,,,,
1674189102684,,1385480,,
1674189102688,1384708,,,
1674189102692,,,1363264,
1674189103678,117700,,,,
1674189103690,,1385480,,
1674189103702,1384772,,,
1674189103716,,,1363264,
1674189104678,117700,,,,
1674189104682,,1385480,,
1674189104696,,,1363264,
1674189104697,1384772,,,
1674189105687,117700,,,,
1674189105690,,1385476,,
1674189105697,,,1370128,
1674189105700,1384772,,,
1674189106683,,1385476,,
1674189106686,117700,,,,
1674189106691,,,1370128,
1674189106698,1384772,,,
1674189107679,117700,,,,
1674189107693,,1385476,,
1674189107696,1391108,,,
1674189107699,,,1370128,
1674189108686,117700,,,,
1674189108691,,1392604,,
1674189108698,1391108,,,
1674189108709,,,1370128,
1674189109681,117700,,,,
1674189109689,,1392604,,
1674189109702,1391108,,,
1674189109706,,,1370192,
1674189110688,117700,,,,
1674189110693,,1392604,,
1674189110702,1391108,,,
1674189110703,,,1370192,
1674189111685,,1392604,,
1674189111696,,,1370268,
1674189111697,1391108,,,
1674189111702,117700,,,,
1674189112684,117700,,,,
1674189112690,,1392604,,
1674189112700,,,1376868,
1674189112716,1391108,,,
1674189113678,117700,,,,
1674189113694,,1392688,,
1674189113700,1391188,,,
1674189113703,,,1376868,
1674189114684,117700,,,,
1674189114686,,1400608,,
1674189114695,1397524,,,
1674189114697,,,1376868,
1674189115687,,1400608,,
1674189115688,117700,,,,
1674189115700,,,1376868,
1674189115713,1397524,,,
1674189116681,117792,,,,
1674189116686,,1400608,,
1674189116695,1397524,,,
1674189116699,,,1376868,
1674189117682,117792,,1400608,,
1674189117689,1397524,,,
1674189117701,,,1376948,
1674189118679,117792,,,,
1674189118687,,1400608,,
1674189118694,1397524,,,
1674189118698,,,1376948,
1674189119678,117792,,,,
1674189119683,,1400608,,
1674189119691,1397524,,,
1674189119696,,,1383812,
1674189120677,117792,,,,
1674189120687,1397524,,,
1674189120693,,1400608,,
1674189120713,,,1383812,
1674189121689,117792,,,,
1674189121690,1412540,,,
1674189121701,,,1388260,
1674189121707,,1408036,,
1674189122693,,1408036,,
1674189122695,117792,,,,
1674189122701,1412540,,,
1674189122705,,,1388260,
1674189123685,117792,,,,
1674189123687,,1408036,,
1674189123694,1412632,,,
1674189123702,,,1388260,
1674189124683,117792,,,,
1674189124688,1407916,,,
1674189124697,,1408036,,
1674189124705,,,1388260,
1674189125683,,1408036,,
1674189125684,117792,,,,
1674189125695,,,1388260,
1674189125701,1407916,,,
1674189126680,117872,,,,
1674189126682,,1408036,,
1674189126691,1407916,,,
1674189126698,,,1395124,
1674189127682,117872,,,,
1674189127686,,1408120,,
1674189127697,1407916,,,
1674189127698,,,1395124,
1674189128690,117872,,,,
1674189128702,1414516,,,
1674189128712,,1415512,,
1674189128714,,,1395212,
1674189129682,118252,,,,
1674189129689,1414588,,,
1674189129692,,1415512,,
1674189129707,,,1391452,
1674189130685,118252,,,,
1674189130690,1414588,,,
1674189130691,,1415596,,
1674189130697,,,1391528,
1674189131684,118332,,,,
1674189131703,,1415596,,
1674189131711,1414588,,1391528,
1674189132679,118332,,,,
1674189132696,,1415596,,
1674189132701,,,1391528,
1674189132704,1414588,,,
1674189133676,118332,,,,
1674189133690,1414588,,,
1674189133694,,1415596,,
1674189133702,,,1398392,
1674189134681,118332,,,,
1674189134685,,1415596,,
1674189134692,1414588,,,
1674189134699,,,1398392,
1674189135680,118332,,,,
1674189135696,,1423252,,
1674189135697,1421188,,,
1674189135710,,,1398392,
1674189136681,118332,,,,
1674189136683,,1423252,,
1674189136692,1421272,,,
1674189136694,,,1398392,
1674189137680,118332,,,,
1674189137688,1421272,,,
1674189137689,,1423252,,
1674189137706,,,1398392,
1674189138680,118332,,,,
1674189138697,1421272,,,
1674189138699,,,1398392,
1674189138701,,1423252,,
1674189139677,118332,,,,
1674189139684,,1423252,,
1674189139687,1421272,,,
1674189139693,,,1398392,
1674189140675,118332,,,,
1674189140689,,1423252,,
1674189140702,1421272,,,
1674189140704,,,1405256,
1674189141676,134988,,,,
1674189141684,,1430644,,
1674189141688,1421272,,,
1674189141695,,,1405256,
1674189142678,134988,,,,
1674189142689,,1430644,,
1674189142702,1427344,,,
1674189142704,,,1405256,
1674189143684,126192,,,,
1674189143705,,1430644,1405256,
1674189143706,1427344,,,
1674189144678,126192,,,,
1674189144685,,1430644,,
1674189144691,1427344,,,
1674189144700,,,1405256,
1674189145686,,1430644,,
1674189145691,1427344,,,
1674189145693,126192,,,,
1674189145709,,,1405256,
1674189146677,126192,,,,
1674189146696,1427344,,,
1674189146701,,1430644,,
1674189146703,,,1405256,
1674189147679,126192,,,,
1674189147695,,1430644,,
1674189147704,1427344,,,
1674189147716,,,1411856,
1674189148681,126192,,,,
1674189148683,,1438036,,
1674189148691,1427344,,,
1674189148694,,,1411856,
1674189149682,126192,,,,
1674189149688,1433944,,,
1674189149694,,1438036,,
1674189149706,,,1411856,
1674189150679,126192,,,,
1674189150688,,1438036,,
1674189150706,1433944,,,
1674189150707,,,1411856,
1674189151684,126192,,,,
1674189151687,,1438036,,
1674189151694,,,1411856,
1674189151698,1433944,,,
1674189152686,126192,,,,
1674189152700,,,1411856,
1674189152708,,1438036,,
1674189152725,1433944,,,
1674189153689,126192,,,,
1674189153695,,1438036,,
1674189153702,,,1418720,
1674189153704,1433944,,,
1674189154682,126192,,,,
1674189154693,,1438036,,
1674189154703,1433944,,1418720,
1674189155691,126192,,,,
1674189155693,,1445692,,
1674189155701,1433944,,,
1674189155710,,,1418720,
1674189156679,126192,,,,
1674189156686,1440628,,,
1674189156688,,1445692,,
1674189156694,,,1418720,
1674189157679,126192,,,,
1674189157688,,1445692,,
1674189157693,1440628,,,
1674189157704,,,1418720,
1674189158680,126192,,,,
1674189158693,1440628,,,
1674189158704,,,1418720,
1674189158706,,1445692,,
1674189159680,126192,,,,
1674189159692,1440628,,,
1674189159698,,1445692,,
1674189159710,,,1418720,
1674189160676,126192,,,,
1674189160696,,1445692,,
1674189160699,1440628,,,
1674189160717,,,1425848,
1674189161681,126192,,,,
1674189161687,,1453084,,
1674189161691,1440628,,,
1674189161697,,,1425848,
1674189162679,126192,,,,
1674189162683,,1453084,,
1674189162691,1440628,,,
1674189162692,,,1425848,
1674189163681,126192,,,,
1674189163689,1447228,,,
1674189163693,,,1425848,
1674189163695,,1453084,,
1674189164684,126192,,,,
1674189164694,,,1425848,
1674189164695,,1453084,,
1674189164704,1447228,,,
1674189165677,126192,,,,
1674189165687,,1453084,,
1674189165693,1447228,,,
1674189165698,,,1425848,
1674189166679,126192,,,,
1674189166689,,1453084,,
1674189166698,1447228,,,
1674189166705,,,1425848,
1674189167682,,1453084,,
1674189167685,126192,,,,
1674189167690,1447316,,,
1674189167694,,,1432712,
1674189168682,126192,,,,
1674189168685,,1461004,,
1674189168693,1447316,,,
1674189168694,,,1432712,
1674189169679,126192,,,,
1674189169688,,1461004,,
1674189169689,1447316,,,
1674189169691,,,1432712,
1674189170676,126192,,,,
1674189170685,,1461004,,
1674189170687,1453916,,,
1674189170696,,,1432712,
1674189171681,,1461004,,
1674189171686,126192,,,,
1674189171690,1453916,,,
1674189171699,,,1432712,
1674189172678,126192,,,,
1674189172685,,1461004,,
1674189172690,1453916,,,
1674189172708,,,1432712,
1674189173682,126192,,,,
1674189173688,,1461004,,
1674189173695,,,1432712,
1674189173699,1453916,,,
1674189174687,126192,,1461004,,
1674189174695,1453916,,,
1674189174703,,,1439312,
1674189175686,126192,,,,
1674189175689,,1468208,,
1674189175710,1453916,,,
1674189175715,,,1439312,
1674189176694,126192,,,,
1674189176697,,1468208,,
1674189176709,,,1439312,
1674189176722,1460252,,,
1674189177676,126192,,,,
1674189177688,,1468208,,
1674189177689,1460252,,,
1674189177698,,,1439312,
1674189178679,122632,,,,
1674189178685,,1468208,,
1674189178691,1460252,,,
1674189178692,,,1439312,
1674189179695,122632,,,,
1674189179696,1460252,,,
1674189179703,,1468208,,
1674189179714,,,1439312,
1674189180678,122632,,,,
1674189180683,,1468208,,
1674189180694,,,1439312,
1674189180696,1460252,,,
1674189181676,122632,,,,
1674189181689,,1475864,,
1674189181696,,,1445980,
1674189181697,1460244,,,
1674189182687,122632,,,,
1674189182692,,1475864,,
1674189182694,,,1445980,
1674189182707,1460244,,,
1674189183687,122632,,,,
1674189183694,1466580,,,
1674189183700,,1475864,1445980,
1674189184678,122632,,,,
1674189184684,,1475864,,
1674189184686,1466580,,,
1674189184703,,,1445980,
1674189185679,122632,,,,
1674189185694,,1475864,,
1674189185701,1466580,,,
1674189185705,,,1445980,
1674189186684,,1475864,,
1674189186685,122632,,,,
1674189186698,,,1445980,
1674189186704,1466580,,,
1674189187681,122632,,1475864,,
1674189187688,1466580,,,
1674189187706,,,1453108,
1674189188680,122632,,,,
1674189188687,,1483256,,
1674189188699,,,1453108,
1674189188702,1466580,,,
1674189189682,122632,,,,
1674189189683,,1483256,,
1674189189699,,,1453108,
1674189189715,1466580,,,
1674189190682,122632,,,,
1674189190688,,1483256,,
1674189190691,1473180,,,
1674189190697,,,1453108,
1674189191676,122632,,,,
1674189191686,,1483256,,
1674189191691,1473180,,,
1674189191696,,,1453108,
1674189192681,122632,,,,
1674189192687,,1483368,,
1674189192690,1473180,,,
1674189192698,,,1453108,
1674189193678,122632,,,,
1674189193687,,1483368,,
1674189193697,1473180,,1453108,
1674189194691,122632,,,,
1674189194700,1473180,,,
1674189194713,,,1459708,
1674189194719,,1490760,,
1674189195685,122632,,,,
1674189195693,1473180,,,
1674189195704,,1490760,,
1674189195709,,,1459708,
1674189196680,122632,,,,
1674189196689,1473180,1490760,,
1674189196695,,,1459732,
1674189197690,,1490760,,
1674189197695,122632,,,,
1674189197710,,,1459732,
1674189197715,1479780,,,
1674189198682,122632,,,,
1674189198693,1479780,,,
1674189198703,,,1459732,
1674189198716,,1490760,,
1674189199678,122632,,,,
1674189199690,,1490760,,
1674189199692,,,1459732,
1674189199701,1479780,,,
1674189200678,122712,,,,
1674189200687,1479780,,,
1674189200688,,1490760,,
1674189200695,,,1459732,
1674189201680,122712,,,,
1674189201685,,1498416,,
1674189201692,1479840,,,
1674189201695,,,1466596,
1674189202685,122712,,,,
1674189202689,,1498416,,
1674189202699,1479840,,,
1674189202707,,,1466596,
1674189203680,122712,,,,
1674189203689,1479840,,,
1674189203693,,1498416,,
1674189203701,,,1466716,
1674189204681,122712,,,,
1674189204687,,1498416,,
1674189204693,1486440,,,
1674189204701,,,1466716,
1674189205684,122712,,,,
1674189205689,,1498416,,
1674189205697,1486440,,,
1674189205708,,,1466716,
1674189206677,122712,,,,
1674189206687,,1498416,,
1674189206696,1486440,,,
1674189206701,,,1466716,
1674189207686,,1506336,,
1674189207689,122712,,,,
1674189207698,1486440,,,
1674189207712,,,1466716,
1674189208681,122712,,,,
1674189208687,,1506392,,
1674189208701,,,1473316,
1674189208709,1486440,,,
1674189209677,122712,,,,
1674189209690,1486440,1506392,,
1674189209701,,,1473316,
1674189210675,122712,,,,
1674189210695,,,1473316,
1674189210697,,1506392,,
1674189210712,1486440,,,
1674189211684,122712,,,,
1674189211701,1493040,,,
1674189211702,,1506392,,
1674189211713,,,1473316,
1674189212687,,1506392,,
1674189212690,122712,,,,
1674189212699,1493040,,,
1674189212705,,,1473316,
1674189213688,122712,,,,
1674189213693,,1506392,,
1674189213699,1493040,,1473316,
1674189214693,122712,,,,
1674189214696,,1514048,,
1674189214703,,,1473316,
1674189214706,1493040,,,
1674189215680,122712,,,,
1674189215690,,1514048,,
1674189215696,1493040,,,
1674189215697,,,1480444,
1674189216691,122712,,,,
1674189216692,,1514048,,
1674189216700,1493040,,,
1674189216713,,,1480444,
1674189217681,122712,,,,
1674189217690,,1514048,,
1674189217692,1493040,,,
1674189217704,,,1480444,
1674189218678,122712,,,,
1674189218682,,1514048,,
1674189218693,1499376,,,
1674189218703,,,1480444,
1674189219684,122712,,,,
1674189219691,,1514048,,
1674189219704,1499376,,,
1674189219710,,,1480444,
1674189220686,122712,,,,
1674189220702,,1521968,,
1674189220706,,,1480444,
1674189220717,1499376,,,
1674189221685,122712,,,,
1674189221692,,1521968,,
1674189221693,,,1480444,
1674189221695,1499376,,,
1674189222679,122712,,,,
1674189222682,,1521968,,
1674189222696,1499376,,1487044,
1674189223682,122712,,,,
1674189223690,,1521968,,
1674189223698,1499376,,,
1674189223699,,,1487044,
1674189224676,122712,,,,
1674189224684,,1521968,,
1674189224695,,,1487044,
1674189224696,1499460,,,
1674189225684,,1521968,,
1674189225686,122712,,,,
1674189225695,,,1487044,
1674189225703,1506324,,,
1674189226691,1506324,,,
1674189226692,122712,,,,
1674189226700,,1524344,,
1674189226708,,,1487044,
1674189227677,122712,,,,
1674189227717,,1529888,,
1674189227723,,,1487044,
1674189227728,1506324,,,
1674189228677,122712,,,,
1674189228688,1506324,,,
1674189228690,,1529888,,
1674189228696,,,1487044,
1674189229680,122712,,,,
1674189229689,1506324,,,
1674189229691,,1529888,,
1674189229696,,,1494172,
1674189230682,122712,,,,
1674189230687,1506324,,,
1674189230688,,1529944,,
1674189230698,,,1494172,
1674189231677,122712,,,,
1674189231684,,1529944,,
1674189231686,1506324,,,
1674189231697,,,1494172,
1674189232684,122712,,,,
1674189232689,,1529944,,
1674189232695,,,1494172,
1674189232697,1506324,,,
1674189233687,122712,,,,
1674189233689,,1529944,,
1674189233700,1512660,,,
1674189233701,,,1494172,
1674189234682,122712,,,,
1674189234694,,,1494172,
1674189234695,,1538128,,
1674189234699,1512660,,,
1674189235676,122712,,,,
1674189235684,,1538128,,
1674189235687,1512660,,,
1674189235704,,,1494172,
1674189236681,122712,,,,
1674189236692,1512660,,,
1674189236694,,1538128,,
1674189236715,,,1500740,
1674189237683,122712,,,,
1674189237684,,1538128,,
1674189237691,1512660,,,
1674189237703,,,1500740,
1674189238702,122712,,,,
1674189238709,,1538128,,
1674189238715,,,1500800,
1674189238729,1512660,,,
1674189239690,122712,,,,
1674189239698,1512660,,,
1674189239703,,1538128,,
1674189239704,,,1500800,
1674189240681,122712,,,,
1674189240695,1512660,,,
1674189240701,,,1500800,
1674189240705,,1538128,,
1674189241688,122712,,,,
1674189241689,,1546048,,
1674189241700,,,1500856,
1674189241702,1519176,,,
1674189242691,122788,,,,
1674189242700,1519176,1546048,,
1674189242711,,,1500856,
1674189243693,,1546048,,
1674189243698,122788,,,,
1674189243708,,,1500856,
1674189243720,1519252,,,
1674189244678,122788,,,,
1674189244688,,1546048,,
1674189244696,1519252,,,
1674189244707,,,1507984,
1674189245683,122788,,,,
1674189245690,,1546048,,
1674189245699,1519252,,,
1674189245704,,,1507984,
1674189246687,122788,,,,
1674189246692,,1546048,,
1674189246694,1519252,,,
1674189246696,,,1507984,
1674189247679,122788,,,,
1674189247688,1519252,1546048,,
1674189247704,,,1507984,
1674189248694,122788,,,,
1674189248696,,1554232,,
1674189248702,,,1507984,
1674189248703,1526116,,,
1674189249681,122788,,,,
1674189249688,,1554232,,
1674189249697,,,1507984,
1674189249707,1526116,,,
1674189250680,122788,,,,
1674189250688,,1554232,,
1674189250690,1526116,,,
1674189250692,,,1507984,
1674189251690,,1554316,,
1674189251693,122788,,,,
1674189251699,,,1515112,
1674189251703,1526116,,,
1674189252700,,1554316,,
1674189252713,1526116,,,
1674189252714,122788,,,,
1674189252720,,,1515112,
1674189253676,122788,,,,
1674189253683,,1554316,,
1674189253686,1526116,,,
1674189253694,,,1515112,
1674189254679,122788,,,,
1674189254689,1526116,,,
1674189254692,,1563172,,
1674189254698,,,1515112,
1674189255685,122788,,,,
1674189255687,,1563172,,
1674189255696,1526116,,,
1674189255697,,,1515112,
1674189256685,122788,,,,
1674189256690,,1563172,,
1674189256697,1532716,,,
1674189256698,,,1515112,
1674189257681,122788,,,,
1674189257689,,1563556,,
1674189257696,1532716,,,
1674189257705,,,1515112,
1674189258681,122860,,,,
1674189258689,,1563636,,
1674189258690,1532860,,,
1674189258702,,,1515448,
1674189259681,122860,,,,
1674189259682,,1563636,,
1674189259689,1532860,,,
1674189259700,,,1522664,
1674189260675,122860,,,,
1674189260685,,1563636,,
1674189260686,1532860,,,
1674189260693,,,1522664,
1674189261677,122860,,,,
1674189261686,,1571820,,
1674189261687,1532860,,,
1674189261708,,,1522664,
1674189262681,122860,,,,
1674189262690,,1571820,,
1674189262692,1532860,,,
1674189262711,,,1522664,
1674189263678,122860,,,,
1674189263703,,1571820,,
1674189263708,1532860,,,
1674189263713,,,1522664,
1674189264695,1539196,,,
1674189264709,122860,,,,
1674189264710,,,1522664,
1674189264715,,1571820,,
1674189265677,122860,,,,
1674189265694,1539196,,,
1674189265698,,1571820,1522664,
1674189266676,122860,,,,
1674189266685,,1571820,,
1674189266689,1539196,,,
1674189266695,,,1530056,
1674189267682,122860,,,,
1674189267683,,1571820,,
1674189267691,,,1530056,
1674189267693,1539196,,,
1674189268701,,1580532,,
1674189268711,122860,,,1530056,
1674189268715,1539196,,,
1674189269683,122860,,,,
1674189269685,,1580596,,
1674189269693,,,1530056,
1674189269694,1539196,,,
1674189270684,,1580596,,
1674189270689,122860,,,,
1674189270694,,,1530056,
1674189270696,1539196,,,
1674189271685,122860,,,,
1674189271689,1546324,,,
1674189271691,,1580596,,
1674189271698,,,1530056,
1674189272680,122860,,,,
1674189272687,1546324,1580596,,
1674189272698,,,1530056,
1674189273686,122860,,,,
1674189273697,,1580596,,
1674189273708,1546324,,,
1674189273710,,,1537184,
1674189274680,122944,,,,
1674189274686,,1589044,,
1674189274688,1546400,,,
1674189274693,,,1537184,
1674189275680,122944,,,,
1674189275682,,1589044,,
1674189275690,1546400,,,
1674189275691,,,1537184,
1674189276689,122944,,,,
1674189276690,,1589044,,
1674189276704,1546400,,1537184,
1674189277683,122944,,,,
1674189277691,,1589044,,
1674189277697,,,1537184,
1674189277700,1546400,,,
1674189278689,122944,,,,
1674189278701,1546400,,,
1674189278703,,,1537184,
1674189278713,,1589044,,
1674189279687,122944,,,,
1674189279699,,1589044,,
1674189279705,,,1537184,
1674189279710,1553264,,,
1674189280684,122944,,1589044,,
1674189280697,1553264,,1544576,
1674189281676,122944,,,,
1674189281694,1553264,,,
1674189281698,,1597492,,
1674189281700,,,1544576,
1674189282677,122944,,,,
1674189282683,,1597492,,
1674189282688,1553264,,,
1674189282703,,,1544576,
1674189283692,,1597492,,
1674189283701,122944,,,,
1674189283711,,,1544576,
1674189283717,1553264,,,
1674189284682,122944,,,,
1674189284693,1553264,,,
1674189284695,,1597564,,
1674189284712,,,1544576,
1674189285677,122944,,,,
1674189285685,1553264,,,
1674189285688,,1597564,,
1674189285695,,,1544576,
1674189286680,122944,,,,
1674189286689,,1597564,,
1674189286699,1560128,,,
1674189286704,,,1544576,
1674189287682,122944,,,,
1674189287696,1560128,,,
1674189287697,,1606540,,
1674189287698,,,1551968,
1674189288681,122944,,,,
1674189288694,,1606540,,
1674189288705,1560128,,,
1674189288738,,,1551968,
1674189289719,122944,,,,
1674189289734,,1606540,,
1674189289735,1560128,,,
1674189289742,,,1552016,
1674189290687,122944,,,,
1674189290699,,1606540,,
1674189290714,1560128,,,
1674189290725,,,1552016,
1674189291681,122944,,,,
1674189291694,1560128,,,
1674189291699,,1606540,,
1674189291709,,,1552016,
1674189292681,122944,,,,
1674189292696,,1606540,,
1674189292701,1560128,,,
1674189292706,,,1552016,
1674189293679,122944,,,,
1674189293689,,1615516,,
1674189293700,1567256,,1552016,
1674189294679,122944,,,,
1674189294692,,,1559408,
1674189294693,1567256,1615516,,
1674189295696,122944,,,,
1674189295700,,,1559408,
1674189295703,,1615516,,
1674189295713,1567256,,,
1674189296687,122944,,,,
1674189296698,1567256,,,
1674189296705,,,1559408,
1674189296709,,1615516,,
1674189297684,122944,,,,
1674189297695,,1615516,,
1674189297696,1567256,,,
1674189297708,,,1559408,
1674189298678,122944,,,,
1674189298683,,1615516,,
1674189298710,,,1559408,
1674189298712,1567256,,,
1674189299676,125844,,,,
1674189299684,,1624492,,
1674189299696,1567256,,,
1674189299712,,,1559408,
1674189300683,125844,,,,
1674189300696,1574384,,,
1674189300699,,1624492,,
1674189300708,,,1559408,
1674189301693,125844,,,,
1674189301698,1574384,,,
1674189301715,,,1567064,
1674189301718,,1624492,,
1674189302681,,1624492,,
1674189302682,125844,,,,
1674189302688,1574384,,,
1674189302699,,,1567064,
1674189303677,125844,,,,
1674189303686,1574384,,,
1674189303689,,1624492,,
1674189303693,,,1567064,
1674189304676,125844,,,,
1674189304685,,1624492,,
1674189304697,1574364,,,
1674189304711,,,1567064,
1674189305682,125844,,,,
1674189305688,,1629772,,
1674189305696,1574364,,1567064,
1674189306680,125844,,,,
1674189306687,,1629772,,
1674189306696,,,1567064,
1674189306697,1574364,,,
1674189307687,125844,,,,
1674189307689,,1629772,,
1674189307700,1581492,,,
1674189307703,,,1574720,
1674189308684,125844,,,,
1674189308695,1581492,1629772,,
1674189308711,,,1574720,
1674189309680,125844,,1629772,,
1674189309688,1581492,,,
1674189309742,,,1574720,
1674189310691,125844,,,,
1674189310711,,,1574720,
1674189310716,,1629772,,
1674189310722,1581548,,,
1674189311680,125844,,,,
1674189311689,1581548,,,
1674189311696,,1629772,,
1674189311702,,,1574720,
1674189312686,125844,,,,
1674189312697,,,1574720,
1674189312708,1581548,,,
1674189312710,,1629772,,
1674189313680,125844,,,,
1674189313683,,1629772,,
1674189313693,1581548,,,
1674189313700,,,1574720,
1674189314680,125844,,,,
1674189314694,1588676,,,
1674189314705,,,1582640,
1674189314714,,1629772,,
1674189315678,125844,,,,
1674189315692,1588676,,,
1674189315704,,1629772,,
1674189315714,,,1582640,
1674189316679,125844,,,,
1674189316688,1588676,1629772,,
1674189316704,,,1582640,
1674189317676,125844,,,,
1674189317688,,1629772,,
1674189317699,1588676,,,
1674189317701,,,1582640,
1674189318682,125844,,,,
1674189318706,1588676,,,
1674189318721,,1629772,,
1674189318724,,,1582640,
1674189319678,125844,,,,
1674189319694,1588676,1629772,,
1674189319706,,,1582640,
1674189320689,125844,,,,
1674189320695,1596068,,,
1674189320702,,,1590560,
1674189320712,,1629772,,
1674189321695,125844,,,,
1674189321700,,1629772,,
1674189321709,,,1590560,
1674189321715,1596068,,,
1674189322689,125844,,,,
1674189322706,,,1590560,
1674189322707,,1629772,,
1674189322715,1596068,,,
1674189323678,125844,,,,
1674189323688,,1629772,,
1674189323690,1596068,,,
1674189323692,,,1590560,
1674189324682,125844,,,,
1674189324683,,1629772,,
1674189324693,,,1590560,
1674189324697,1596068,,,
1674189325679,125844,,,,
1674189325680,,1629772,,
1674189325697,1596068,,,
1674189325706,,,1590560,
1674189326679,125844,,,,
1674189326682,,1629772,,
1674189326689,1596068,,,
1674189326691,,,1598292,
1674189327678,125844,,,,
1674189327686,,1629772,,
1674189327690,1603460,,,
1674189327696,,,1598292,
1674189328686,,1629772,,
1674189328692,125844,,,,
1674189328699,,,1598292,
1674189328701,1603460,,,
1674189329683,125844,,,,
1674189329699,,,1598292,
1674189329712,1603460,,,
1674189329730,,1629772,,
1674189330679,125844,,,,
1674189330684,,1629772,,
1674189330692,1603460,,,
1674189330695,,,1598292,
1674189331682,125844,,,,
1674189331699,,1629772,,
1674189331709,1603460,,,
1674189331711,,,1598292,
1674189332683,125844,,,,
1674189332695,,1629772,,
1674189332704,1603460,,,
1674189332705,,,1606476,
1674189333680,125844,,,,
1674189333694,,1629772,,
1674189333704,1610588,,,
1674189333708,,,1606476,
1674189334683,125844,,,,
1674189334687,,1629772,,
1674189334694,1610588,,,
1674189334699,,,1606476,
1674189335675,125844,,,,
1674189335682,,1629772,,
1674189335690,,,1606476,
1674189335692,1610588,,,
1674189336680,125844,,,,
1674189336689,,1629772,,
1674189336692,1610588,,,
1674189336705,,,1606476,
1674189337677,125844,,,,
1674189337689,1610588,,,
1674189337700,,1629772,,
1674189337703,,,1606476,
1674189338685,125844,,,,
1674189338688,,1629772,,
1674189338700,,,1614660,
1674189338703,1610588,,,
1674189339689,125844,,,,
1674189339704,1618244,,,
1674189339706,,1629772,,
1674189339719,,,1614660,
1674189340679,125844,,,,
1674189340688,,1629836,,
1674189340690,1618244,,,
1674189340691,,,1614660,
1674189341680,125844,,,,
1674189341683,,1629836,,
1674189341692,,,1614660,
1674189341694,1618244,,,
1674189342676,125844,,,,
1674189342693,1618244,,,
1674189342702,,1629836,1614660,
1674189343683,125844,,,,
1674189343692,,1629836,,
1674189343695,1618244,,,
1674189343700,,,1614660,
1674189344683,125844,,,,
1674189344701,,,1623188,
1674189344702,,1629836,,
1674189344711,1618244,,,
1674189345684,125844,,,,
1674189345687,,1629836,,
1674189345706,1618244,,,
1674189345708,,,1623188,
1674189346677,125844,,,,
1674189346686,1625372,,,
1674189346691,,1629836,,
1674189346694,,,1623188,
1674189347703,125844,,,,
1674189347707,,1629836,,
1674189347711,1625376,,,
1674189347733,,,1623188,
1674189348697,,1629836,,
1674189348712,125844,1625376,,,
1674189348726,,,1623188,
1674189349677,126108,,,,
1674189349690,1625376,,,
1674189349701,,,1623188,
1674189349706,,1629836,,
1674189350688,126108,,,,
1674189350701,,1629836,1631108,
1674189350702,1625376,,,
1674189351681,126108,,,,
1674189351690,,1629836,,
1674189351697,1625376,,,
1674189351698,,,1631108,
1674189352688,126372,,,,
1674189352694,1632768,,,
1674189352702,,1629836,,
1674189352705,,,1631108,
1674189353679,126372,,,,
1674189353689,,1629836,,
1674189353696,1632768,,,
1674189353697,,,1631108,
1674189354680,126372,,,,
1674189354689,,1629836,,
1674189354693,1632768,,,
1674189354697,,,1631108,
1674189355684,126636,,,,
1674189355689,1632768,,,
1674189355691,,1629836,,
1674189355696,,,1632956,
1674189356677,126636,,,,
1674189356700,1632768,,,
1674189356709,,1629836,,
1674189356719,,,1632956,
1674189357681,126636,,,,
1674189357689,1640688,,,
1674189357692,,1629836,,
1674189357703,,,1632956,
1674189358680,126900,,,,
1674189358691,,1629836,,
1674189358698,1640756,,,
1674189358708,,,1632956,
1674189359681,126900,,,,
1674189359694,1640756,,,
1674189359700,,,1632956,
1674189359707,,1629836,,
1674189360683,126900,,,,
1674189360690,,1629836,,
1674189360698,1640756,,,
1674189360707,,,1632956,
1674189361681,126900,,,,
1674189361686,,1629836,,
1674189361691,1640756,,,
1674189361695,,,1632956,
1674189362679,127164,,,,
1674189362695,1640756,1629836,1632956,
1674189363680,127164,,,,
1674189363687,,1629836,,
1674189363696,,,1632956,
1674189363697,1648676,,,
1674189364678,127164,,,,
1674189364682,,1629836,,
1674189364689,1648676,,,
1674189364696,,,1632956,
1674189365689,127428,,,,
1674189365697,,1629836,,
1674189365702,1648676,,1632956,
1674189366684,,1629836,,
1674189366692,127428,,,,
1674189366698,,,1632956,
1674189366710,1648676,,,
1674189367685,127428,,,,
1674189367696,,1629836,,
1674189367698,1648676,,,
1674189367710,,,1632956,
1674189368680,127692,,,,
1674189368687,,1629836,,
1674189368694,,,1632956,
1674189368699,1648676,,,
1674189369679,127692,,,,
1674189369687,,1629836,,
1674189369696,,,1632956,
1674189369704,1656332,,,
1674189370681,127692,,,,
1674189370690,,1629836,,
1674189370693,,,1632956,
1674189370699,1656332,,,
1674189371684,127956,,,,
1674189371693,1656332,,,
1674189371697,,1629836,,
1674189371705,,,1632956,
1674189372685,,1629836,,
1674189372688,127956,,,,
1674189372695,1656332,,,
1674189372701,,,1632956,
1674189373680,127956,,,,
1674189373694,,1629836,,
1674189373705,,,1632956,
1674189373711,1656332,,,
1674189374686,,1629836,,
1674189374701,128220,,,,
1674189374706,,,1632956,
1674189374708,1656332,,,
1674189375678,128220,,,,
1674189375691,,1629836,,
1674189375700,,,1632956,
1674189375706,1664252,,,
1674189376681,128220,,,,
1674189376686,,1629836,,
1674189376691,1664252,,,
1674189376696,,,1632956,
1674189377683,128220,,,,
1674189377687,,1629836,,
1674189377692,1664252,,,
1674189377694,,,1632956,
1674189378681,128484,,,,
1674189378688,,1629836,,
1674189378693,1664252,,,
1674189378697,,,1632956,
1674189379691,128484,,,,
1674189379695,,1629836,,
1674189379703,1664252,,,
1674189379723,,,1632956,
1674189380683,128484,,,,
1674189380686,,1629836,,
1674189380691,1667684,,,
1674189380708,,,1632956,
1674189381678,128748,,,,
1674189381688,1667684,,,
1674189381695,,1629836,,
1674189381699,,,1632956,
1674189382678,128748,,,,
1674189382691,1667684,,,
1674189382703,,1629836,1632956,
1674189383680,128748,,,,
1674189383684,,1629836,,
1674189383693,1667684,,,
1674189383729,,,1632956,
1674189384680,129012,,,,
1674189384684,,1629836,,
1674189384695,1667684,,,
1674189384710,,,1632956,
1674189385677,129012,,,,
1674189385683,,1629836,,
1674189385700,1667684,,,
1674189385701,,,1632956,
1674189386676,129368,,,,
1674189386684,,1629968,,
1674189386692,1668260,,,
1674189386704,,,1633024,
1674189387697,129368,,1630496,,
1674189387711,1668260,,,
1674189387715,,,1633024,
1674189388688,129368,,,,
1674189388701,,1630760,,
1674189388706,,,1633024,
1674189388711,1668260,,,
1674189389678,129628,,,,
1674189389695,1668260,,,
1674189389706,,,1633024,
1674189389712,,1630760,,
1674189390676,129628,,,,
1674189390686,1668260,,,
1674189390689,,1630760,,
1674189390695,,,1633024,
1674189391679,129628,,,,
1674189391682,,1630760,,
1674189391697,1668260,,,
1674189391701,,,1633024,
1674189392678,129892,,,,
1674189392688,1668260,,,
1674189392693,,,1633024,
1674189392694,,1630760,,
1674189393694,129892,1668260,,,
1674189393695,,1630760,,
1674189393716,,,1633024,
1674189394677,129892,,,,
1674189394687,,1630760,,
1674189394694,,,1633024,
1674189394699,1668260,,,
1674189395704,129892,,,,
1674189395719,1668260,,,
1674189395722,,1632344,,
1674189395726,,,1633024,
1674189396678,130156,,,,
1674189396691,1668260,,,
1674189396692,,1632344,,
1674189396707,,,1633024,
1674189397697,,,1633024,
1674189397703,130156,,1632444,,
1674189397711,1668260,,,
1674189398684,130156,,1632444,,
1674189398692,,,1633024,
1674189398694,1668260,,,
1674189399683,130420,,,,
1674189399692,1668260,,,
1674189399693,,1632444,,
1674189399705,,,1633024,
1674189400686,130420,,,,
1674189400695,1668260,,,
1674189400697,,1632444,,
1674189400713,,,1633024,
1674189401681,130420,,,,
1674189401690,1668260,1632444,,
1674189401702,,,1633024,
1674189402679,130684,,,,
1674189402689,1668260,,,
1674189402693,,1633764,,
1674189402700,,,1633024,
1674189403689,,1633764,,
1674189403697,1668260,,,
1674189403698,130684,,,,
1674189403704,,,1633024,
1674189404679,130684,,,,
1674189404687,,1633764,,
1674189404692,1668260,,,
1674189404695,,,1633024,
1674189405680,130948,,,,
1674189405692,,1633764,,
1674189405701,1668260,,1633024,
1674189406685,130948,,,,
1674189406695,,1633764,,
1674189406696,1668260,,,
1674189406709,,,1633024,
1674189407675,130948,,,,
1674189407691,,1633764,,
1674189407693,1668260,,,
1674189407704,,,1633024,
1674189408684,130948,,,,
1674189408697,1668260,1633764,,
1674189408705,,,1633024,
1674189409678,131212,,,,
1674189409694,,,1633104,
1674189409695,,1633764,,
1674189409699,1668260,,,
1674189410678,131212,,,,
1674189410693,1668260,1633764,,
1674189410702,,,1633104,
1674189411679,131212,,,,
1674189411688,1668260,,,
1674189411691,,,1633104,
1674189411692,,1633764,,
1674189412678,131476,,,,
1674189412696,1668260,,,
1674189412707,,1633824,,
1674189412712,,,1633104,
1674189413679,131476,,,,
1674189413688,,1633824,,
1674189413694,1668260,,,
1674189413702,,,1633104,
1674189414682,131476,,,,
1674189414684,,1633824,,
1674189414695,,,1633104,
1674189414698,1668260,,,
1674189415683,131740,,1633824,,
1674189415693,1668260,,,
1674189415696,,,1633104,
1674189416678,131740,,,,
1674189416709,1668260,1633824,,
1674189416714,,,1633104,
1674189417697,131740,,,,
1674189417713,1668260,,,
1674189417718,,1633824,,
1674189417720,,,1633104,
1674189418681,132004,,,,
1674189418704,,,1633104,
1674189418706,,1633824,,
1674189418710,1668260,,,
1674189419679,132004,,,,
1674189419688,,1633824,,
1674189419696,,,1633104,
1674189419697,1668260,,,
1674189420677,132004,,,,
1674189420684,,1633824,,
1674189420686,1668260,,,
1674189420696,,,1633104,
1674189421680,132004,,,,
1674189421690,,1633824,,
1674189421700,,,1633104,
1674189421701,1668260,,,
1674189422686,132268,,1633824,,
1674189422700,1668260,,,
1674189422704,,,1633104,
1674189423678,132268,,,,
1674189423684,,1633824,,
1674189423693,1668260,,,
1674189423706,,,1633104,
1674189424677,132268,,,,
1674189424686,1668260,,,
1674189424689,,1633824,,
1674189424700,,,1633104,
1674189425683,132532,,,,
1674189425691,,1633824,,
1674189425697,,,1633164,
1674189425704,1668260,,,
1674189426681,132532,,,,
1674189426694,,1633824,,
1674189426702,1668260,,1633164,
1674189427698,132532,,,,
1674189427705,,1633824,,
1674189427706,1668260,,,
1674189427714,,,1633164,
1674189428680,132796,,,,
1674189428686,,1633824,,
1674189428693,1668356,,1633164,
1674189429695,,1633824,,
1674189429696,132796,,,,
1674189429709,1668356,,,
1674189429726,,,1633164,
1674189430681,132796,,,,
1674189430687,,1633824,,
1674189430695,1668356,,,
1674189430699,,,1633164,
1674189431686,133060,,,,
1674189431688,,1633824,,
1674189431710,,,1633164,
1674189431715,1668356,,,
1674189432701,133060,,,,
1674189432719,,1633824,,
1674189432722,1668356,,1633164,
1674189433676,133060,,,,
1674189433695,1668356,,,
1674189433701,,1633824,,
1674189433708,,,1633164,
1674189434688,133324,,,,
1674189434689,1668356,,,
1674189434691,,1633824,,
1674189434699,,,1633164,
1674189435682,133324,,,,
1674189435683,,1633824,,
1674189435694,,,1633164,
1674189435696,1668356,,,
1674189436682,133324,,,,
1674189436687,,1633824,,
1674189436695,1668356,,,
1674189436702,,,1633164,
1674189437709,133324,,1634352,,
1674189437717,1668356,,,
1674189437728,,,1633344,
1674189438687,,1634352,,
1674189438703,133588,,,,
1674189438705,,,1633344,
1674189438713,1668356,,,
1674189439677,133588,,,,
1674189439687,1668356,,,
1674189439690,,1634352,,
1674189439699,,,1633608,
1674189440697,133588,,,,
1674189440698,,1634352,,
1674189440711,,,1633608,
1674189440712,1668340,,,
1674189441678,133852,,,,
1674189441688,,1634352,,
1674189441694,1668340,,,
1674189441702,,,1633608,
1674189442677,133852,,,,
1674189442687,,1634352,,
1674189442696,1668340,,,
1674189442707,,,1633608,
1674189443681,133852,,,,
1674189443695,,1635408,,
1674189443701,1668340,,,
1674189443706,,,1633608,
1674189444704,,1635408,,
1674189444712,134116,,,,
1674189444713,1668340,,,
1674189444719,,,1633608,
1674189445679,134116,,,,
1674189445685,,1635408,,
1674189445693,1668340,,,
1674189445695,,,1633608,
1674189446682,134116,,,,
1674189446693,,,1633608,
1674189446694,1668340,1635408,,
1674189447682,,1635408,,
1674189447685,134380,,,,
1674189447694,,,1633608,
1674189447697,1668340,,,
1674189448686,134380,,,,
1674189448687,,1635408,,
1674189448693,1668340,,,
1674189448698,,,1635720,
1674189449678,134380,,,,
1674189449691,1668340,,,
1674189449696,,1635408,,
1674189449697,,,1635720,
1674189450676,134380,,,,
1674189450686,,1636200,,
1674189450692,1668340,,,
1674189450697,,,1635720,
1674189451691,,1636200,,
1674189451696,1668340,,,
1674189451697,134644,,,,
1674189451718,,,1635720,
1674189452680,134644,,,,
1674189452687,,1636200,,
1674189452708,,,1635720,
1674189452710,1668340,,,
1674189453678,134644,,,,
1674189453685,,1636200,,
1674189453694,1668340,,,
1674189453706,,,1635720,
1674189454681,134908,,,,
1674189454687,,1636200,,
1674189454699,,,1635720,
1674189454701,1668340,,,
1674189455681,134908,,,,
1674189455693,1668340,,,
1674189455698,,,1637304,
1674189455711,,1636200,,
1674189456687,134908,,1636992,,
1674189456702,,,1637304,
1674189456715,1668340,,,
1674189457679,135172,,,,
1674189457689,,1636992,,
1674189457699,1668340,,,
1674189457700,,,1637304,
1674189458679,135172,,,,
1674189458689,,1636992,,
1674189458696,1668280,,,
1674189458703,,,1637304,
1674189459685,135172,,,,
1674189459695,1668280,,,
1674189459697,,1636992,,
1674189459704,,,1637304,
1674189460703,135436,,,,
1674189460708,1668280,,,
1674189460711,,1636992,,
1674189460719,,,1637304,
1674189461680,135436,,,,
1674189461698,,,1637568,
1674189461701,1668280,,,
1674189461702,,1636992,,
1674189462678,135436,,,,
1674189462686,,1636992,,
1674189462690,1668280,,,
1674189462698,,,1637568,
1674189463702,135436,,,,
1674189463718,,1637520,1637568,
1674189463721,1668280,,,
1674189464692,,1637520,,
1674189464707,135700,,,,
1674189464708,1668280,,,
1674189464718,,,1637568,
1674189465693,135700,,,,
1674189465703,,1637520,,
1674189465718,,,1637568,
1674189465720,1668280,,,
1674189466694,,1637520,,
1674189466717,,,1637568,
1674189466718,135700,,,,
1674189466719,1669336,,,
1674189467678,135964,,,,
1674189467686,1669336,,,
1674189467691,,1637520,,
1674189467696,,,1637568,
1674189468686,,1637520,,
1674189468693,135964,,,,
1674189468696,,,1637568,
1674189468710,1669336,,,
1674189469677,135964,,,,
1674189469684,,1637520,,
1674189469693,1669336,,,
1674189469704,,,1637568,
1674189470681,136228,,,,
1674189470692,,1637520,,
1674189470696,,,1637568,
1674189470699,1669336,,,
1674189471686,136228,,,,
1674189471697,,1638312,,
1674189471701,1669336,,,
1674189471707,,,1637568,
1674189472680,136228,,,,
1674189472690,,1638312,,
1674189472693,1669336,,,
1674189472701,,,1637568,
1674189473692,136492,,,,
1674189473697,1669336,,,
1674189473711,,1638312,,
1674189473718,,,1637568,
1674189474705,136492,,,,
1674189474715,,1638312,,
1674189474729,,,1637568,
1674189474738,1669336,,,
1674189475685,136492,,,,
1674189475692,,1638312,,
1674189475697,1669336,,,
1674189475703,,,1637568,
1674189476686,,1638312,,
1674189476690,136492,,,,
1674189476695,1671184,,,
1674189476697,,,1637568,
1674189477682,136756,,,,
1674189477688,,1638312,,
1674189477696,1671184,,,
1674189477701,,,1637568,
1674189478681,136756,,,,
1674189478686,,1639104,,
1674189478692,1671184,,,
1674189478700,,,1637568,
1674189479691,136756,,,,
1674189479694,,1639104,,
1674189479703,,,1637568,
1674189479705,1671184,,,
1674189480676,137020,,,,
1674189480684,,1639104,,
1674189480693,,,1637568,
1674189480694,1671184,,,
1674189481685,,1639104,,
1674189481686,137020,,,,
1674189481698,1671184,,,
1674189481702,,,1637568,
1674189482685,137020,,,,
1674189482695,1671184,,,
1674189482696,,1639104,,
1674189482715,,,1637644,
1674189483680,137284,,,,
1674189483689,,1639104,,
1674189483697,,,1637644,
1674189483700,1671184,,,
1674189484676,137284,,,,
1674189484689,,1639104,,
1674189484692,1671184,,,
1674189484704,,,1637724,
1674189485678,137284,,,,
1674189485694,,1639104,,
1674189485697,1672240,,,
1674189485741,,,1637724,
1674189486681,137548,,,,
1674189486687,,1640160,,
1674189486695,,,1637724,
1674189486698,1672240,,,
1674189487686,137548,,,,
1674189487691,,1640160,,
1674189487701,1672240,,,
1674189487703,,,1637724,
1674189488690,137548,,,,
1674189488695,1672240,,,
1674189488697,,1640160,,
1674189488717,,,1637724,
1674189489689,,1640160,,
1674189489699,137812,,,,
1674189489700,1672240,,,
1674189489701,,,1637724,
1674189490688,137812,,1640160,,
1674189490696,1672240,,,
1674189490715,,,1637724,
1674189491685,137812,,,,
1674189491697,1672240,,,
1674189491698,,1640160,,
1674189491704,,,1637724,
1674189492685,137812,,,,
1674189492688,,1640160,,
1674189492692,1672240,,,
1674189492695,,,1637724,
1674189493677,138076,,,,
1674189493680,,1640160,,
1674189493687,1672240,,,
1674189493700,,,1639308,
1674189494682,138076,,,,
1674189494695,1672240,,,
1674189494696,,,1639308,
1674189494702,,1640952,,
1674189495683,138076,,,,
1674189495692,1672240,,,
1674189495693,,,1639308,
1674189495700,,1640952,,
1674189496677,138340,,,,
1674189496686,1672240,,,
1674189496695,,1640952,,
1674189496703,,,1639308,
1674189497680,138340,,,,
1674189497690,,,1639308,
1674189497706,1672240,,,
1674189497730,,1640952,,
1674189498677,138340,,,,
1674189498690,,1640952,,
1674189498694,1672300,,,
1674189498700,,,1639308,
1674189499680,138604,,,,
1674189499687,,1640952,,
1674189499692,1672300,,,
1674189499700,,,1639308,
1674189500674,138604,,,,
1674189500683,,1640952,,
1674189500688,1672300,,,
1674189500689,,,1639308,
1674189501680,138604,,,,
1674189501689,,1640952,,
1674189501693,1672828,,,
1674189501703,,,1639836,
1674189502704,138604,,,,
1674189502706,1672828,,,
1674189502720,,,1639836,
1674189502722,,1642008,,
1674189503695,138868,,,,
1674189503697,,1642008,,
1674189503701,1672828,,1639836,
1674189504683,,1642008,,
1674189504700,1672828,,,
1674189504704,,,1639836,
1674189504706,138868,,,,
1674189505683,,1642008,,
1674189505691,,,1639836,
1674189505697,138868,,,,
1674189505701,1672828,,,
1674189506683,,1642072,,
1674189506696,139132,,,,
1674189506697,,,1639836,
1674189506712,1672828,,,
1674189507685,139132,,,,
1674189507695,,1642072,1639836,
1674189507698,1672828,,,
1674189508683,139132,,,,
1674189508684,,1642072,,
1674189508693,1672828,,,
1674189508699,,,1639836,
1674189509680,139396,,,,
1674189509691,,1642072,,
1674189509692,1672828,,,
1674189509702,,,1641156,
1674189510693,139396,,,,
1674189510699,,1642600,,
1674189510712,1672828,,,
1674189510726,,,1641156,
1674189511685,139396,,,,
1674189511693,1672828,,,
1674189511698,,,1641156,
1674189511701,,1642600,,
1674189512684,139660,,,,
1674189512698,1672828,,,
1674189512706,,1642600,,
1674189512716,,,1641156,
1674189513688,139660,,,,
1674189513703,1672828,,,
1674189513709,,1642600,,
1674189513717,,,1641156,
1674189514695,,1642692,,
1674189514700,139796,,,,
1674189514703,,,1641156,
1674189514719,1672828,,,
1674189515680,140060,,,,
1674189515685,,1642692,,
1674189515690,1672828,,,
1674189515699,,,1641156,
1674189516695,140060,,1642692,,
1674189516712,1672828,,,
1674189516713,,,1641224,
1674189517687,,1642956,,
1674189517696,,,1641488,
1674189517712,140060,,,,
1674189517726,1672828,,,
1674189518680,140060,,,,
1674189518686,,1642956,,
1674189518691,1672828,,,
1674189518696,,,1641488,
1674189519681,140324,,,,
1674189519685,,1642956,,
1674189519693,1672828,,1641488,
1674189520685,140324,,,,
1674189520694,,1642956,,
1674189520699,,,1641488,
1674189520706,1672828,,,
1674189521706,140324,,,,
1674189521711,1672828,,,
1674189521735,,1642956,,
1674189521744,,,1641488,
1674189522684,140588,,,,
1674189522708,,1642956,1641488,
1674189522716,1672828,,,
1674189523675,140588,,,,
1674189523683,,1642956,,
1674189523692,,,1641488,
1674189523694,1672892,,,
1674189524684,140588,,,,
1674189524687,,1642956,,
1674189524697,1672892,,,
1674189524700,,,1641488,
1674189525678,140852,,,,
1674189525686,,1644276,,
1674189525690,1673156,,,
1674189525700,,,1641752,
1674189526697,140852,,,,
1674189526718,,1644276,,
1674189526732,,,1641752,
1674189526735,1673156,,,
1674189527684,140852,,,,
1674189527694,,1644276,,
1674189527704,1673156,,1641752,
1674189528685,141116,,,,
1674189528686,,1644276,,
1674189528697,1673156,,,
1674189528700,,,1641752,
1674189529676,141116,,,,
1674189529686,1673156,,,
1674189529687,,1644276,,
1674189529696,,,1641752,
1674189530685,141116,,1644276,,
1674189530698,1673156,,,
1674189530705,,,1641752,
1674189531687,141116,,,,
1674189531691,,1644424,,
1674189531697,1673156,,,
1674189531698,,,1641752,
1674189532687,141380,,,,
1674189532697,,1644424,,
1674189532716,1673156,,1641752,
1674189533679,141380,,,,
1674189533681,,1644952,,
1674189533686,1673684,,,
1674189533694,,,1642280,
1674189534686,141380,,,,
1674189534705,,1644952,,
1674189534709,,,1642280,
1674189534711,1673684,,,
1674189535687,,1644952,,
1674189535701,,,1642280,
1674189535703,141644,,,,
1674189535723,1673684,,,
1674189536686,141644,,,,
1674189536702,,,1642280,
1674189536715,1673684,,,
1674189536717,,1644952,,
1674189537678,141644,,,,
1674189537685,,1644952,,
1674189537704,1673684,,,
1674189537713,,,1642280,
1674189538681,141908,,,,
1674189538688,,1644952,,
1674189538696,,,1642280,
1674189538701,1673684,,,
1674189539681,141908,,,,
1674189539684,,1644952,,
1674189539690,1673684,,,
1674189539694,,,1642280,
1674189540678,141908,,,,
1674189540691,1673684,,,
1674189540696,,1645480,,
1674189540706,,,1642544,
1674189541679,142172,,,,
1674189541686,,1645480,,
1674189541706,1673948,,,
1674189541710,,,1642544,
1674189542681,142172,,,,
1674189542693,,1645480,,
1674189542696,,,1642544,
1674189542703,1673948,,,
1674189543689,142172,,,,
1674189543697,,1645480,,
1674189543698,1673948,,,
1674189543705,,,1642544,
1674189544689,142172,,,,
1674189544703,,1645536,,
1674189544706,,,1642544,
1674189544710,1673948,,,
1674189545694,142436,,1645536,,
1674189545703,,,1642544,
1674189545711,1673948,,,
1674189546691,142436,,,,
1674189546701,1673948,,,
1674189546704,,1645536,,
1674189546707,,,1642544,
1674189547683,142436,,,,
1674189547690,,1646592,,
1674189547695,1673948,,,
1674189547697,,,1642544,
1674189548679,142700,,,,
1674189548688,,1646592,,
1674189548700,,,1643600,
1674189548701,1673948,,,
1674189549683,,1646592,,
1674189549689,142700,,,,
1674189549694,1673948,,,
1674189549709,,,1643600,
1674189550676,142700,,,,
1674189550685,1673948,,,
1674189550686,,1646592,,
1674189550693,,,1643600,
1674189551683,142964,,,,
1674189551690,,1646592,,
1674189551692,1673948,,,
1674189551697,,,1643600,
1674189552679,142964,,,,
1674189552680,,1646592,,
1674189552690,,,1643600,
1674189552692,1673948,